predictions,load demand
101.993855813822,94.00699999999998
95.96076129826974,96.11800000000004
100.07769269205367,97.90700000000001
99.87112227941277,103.64700000000002
118.71589416494996,116.562
127.22824358352318,140.24099999999999
138.83982160332954,148.16
149.59775765165625,173.6939999999999
160.53216325194404,174.60699999999997
154.37958868067977,172.014
145.76461586930208,165.81700000000006
155.1395257755565,159.61399999999998
156.0035940033588,154.11500000000007
152.80323220099524,156.293
170.51502986268437,174.794
185.02885338187406,196.82299999999995
196.23901245495233,218.68500000000003
196.5636986654364,222.12199999999996
200.34373834117247,220.10500000000008
177.41796559458496,211.05800000000005
155.26201900805185,185.925
134.9686406756005,143.87400000000002
108.78973944678293,112.00999999999999
99.99759466683581,102.09600000000002
102.79809114663827,101.007
94.97463787312833,90.97200000000001
102.02141825303694,98.89600000000002
126.80696772387168,123.24699999999999
155.23476849795583,139.28999999999996
160.3394366564513,168.10899999999995
155.2422061764031,151.808
163.62849195949264,147.90600000000003
166.3606633492622,141.04799999999994
185.27537897360787,149.183
198.6071940214261,153.139
188.79936237965538,139.13599999999997
194.05346515008637,144.26799999999997
201.52821945741732,151.326
217.56366703055886,161.565
258.5566404782095,183.50900000000001
274.39459759727004,196.38100000000003
270.0041402402,222.91000000000005
241.08026124202723,240.6740000000001
233.29729183849696,226.27999999999997
197.33360890443876,177.04500000000002
153.97560036203708,146.728
118.74245233181618,128.332
106.64347882058851,107.03200000000004
104.52025734000486,101.31099999999999
93.77440262728808,100.28999999999996
101.28110464015049,99.03800000000004
125.78100756053055,126.76700000000004
144.63664912081722,135.195
166.75849808724618,152.41799999999998
153.42654454701648,149.98000000000002
153.27765575204717,150.90499999999997
149.3220870265581,154.024
160.95006631821474,148.59000000000003
167.5501554049543,166.89800000000002
155.22833797899938,174.00399999999996
160.9108898311817,166.387
170.37185448709755,171.90900000000002
181.41243273316266,171.7639999999999
207.348989916657,197.42900000000003
221.64494746339406,231.45100000000014
246.3291600144878,261.04400000000004
250.8977459351571,244.44800000000012
234.38158297304255,239.89900000000003
186.98620045288476,192.04700000000003
152.32576441924613,151.55599999999998
127.18229319898094,117.137
107.29589178276977,107.501
102.20159224632208,101.213
99.13418582858266,95.87000000000002
99.55924572865553,105.44500000000002
126.02331430168874,122.07400000000003
137.30180373643387,141.673
156.3646383357897,161.12500000000006
150.78353752667337,148.27000000000004
152.022351130672,154.02299999999997
152.66630909402028,146.061
151.58742258688696,147.62
167.8740168181689,141.33799999999997
170.49743993906722,145.444
165.78511306431812,134.27999999999997
172.0387976713177,146.018
174.49501037510885,157.18499999999995
200.6731523890018,187.70700000000008
231.1598748051954,235.03099999999995
258.7368615533804,237.803
246.93589782574372,230.45699999999997
238.9481099667678,220.108
191.0046374471533,182.74400000000006
151.74668299784307,147.74000000000004
119.49637262572774,116.81400000000001
107.44174998816153,100.34399999999998
96.90516727387687,93.25
93.34419061020262,94.42500000000001
101.53248507679447,94.75200000000001
121.32416478605856,116.48300000000003
139.8629472302697,136.94300000000004
159.24708253864554,169.899
149.02698066183913,131.19300000000004
153.75988985838546,153.98899999999998
148.19547717550705,140.94399999999996
149.8171164187097,145.09099999999998
148.68072813002777,146.284
153.80547821296744,150.33399999999995
143.87474971968106,139.29100000000003
156.6664052821415,148.77000000000004
166.14364696586458,164.18800000000005
196.27282277020754,188.45399999999998
240.53774334355649,205.57300000000004
247.6792798572451,236.337
238.72610084013883,239.72899999999993
228.12770991210675,249.758
188.3113626974281,208.33999999999997
151.63574416266164,164.43300000000005
119.34518220605867,129.98200000000003
103.3450884949097,110.076
100.1406415402353,104.19299999999998
98.31343378456216,98.98800000000003
100.31769394255394,102.70000000000002
121.17087719442222,126.71599999999998
140.24065952604474,159.517
166.91854749749757,165.82400000000004
137.97379748513373,167.88699999999994
155.3149660448051,165.406
143.93781723898815,172.95500000000004
148.10062969363415,162.034
149.04663216618385,169.22799999999995
153.580276808598,170.343
142.52366892046058,182.89499999999998
153.17114493013875,179.253
166.8293136581495,193.31200000000007
192.8790391703198,218.58999999999997
216.62590490807708,244.10500000000002
243.128033357706,236.867
241.9865616377823,242.90399999999994
244.2402022518475,232.20299999999997
201.6149245531357,221.324
159.47086753575996,184.87699999999998
139.76772123819345,152.664
119.98817153127936,131.37
114.45607668668097,121.88100000000001
113.73973914603283,114.69900000000001
115.3724385809816,119.21799999999999
118.28626945006616,126.89100000000005
131.51067444989064,140.19300000000004
152.16145262669494,166.18099999999998
162.09615970525556,186.224
182.28036775912358,202.89100000000008
184.4653773599909,211.78500000000003
180.02800555455457,181.24999999999991
171.2909728527841,189.764
166.6248851954287,184.49900000000002
162.0607221936346,168.40200000000004
162.64506010822805,180.36699999999996
179.9030722853592,205.462
200.10318233223467,225.43099999999987
218.20137604830188,209.004
219.35225706927503,230.836
217.936130158996,234.537
204.599723707232,239.084
178.65874044855104,217.59199999999996
141.3180356159683,189.21099999999996
120.26595434586636,144.94799999999998
106.79642879975502,128.52399999999994
117.3312002689301,113.61
110.97649562222179,108.94800000000001
113.92229528348523,109.69800000000001
119.94711861510847,116.592
132.92261214965467,125.524
156.91388032015976,158.486
173.11999939718686,173.342
189.55003193795966,179.01099999999997
196.2571734901174,176.43199999999996
173.16788748052534,178.188
178.08311653404445,182.514
173.49393820501018,170.12699999999995
159.7382234112921,171.71099999999996
169.58407674565512,169.80100000000004
192.71589262787418,184.34500000000003
212.33820536476702,200.42100000000005
203.6427444787413,213.50700000000006
221.20078935994604,231.13499999999996
223.8676887594379,221.15000000000006
222.88689379497418,198.72300000000004
199.6309849580499,186.24699999999996
169.51261487177337,168.53400000000005
127.40165677832734,136.323
107.46105279384378,118.36399999999999
107.4778243403301,105.51499999999996
100.87580965237187,101.04600000000002
102.54568777889399,99.10500000000005
125.20880493448573,108.05100000000004
153.42085028076087,119.45899999999999
164.53354874983148,141.23900000000006
157.02696316845356,151.71499999999997
159.14418332391062,165.68399999999997
161.1485425531719,187.12499999999997
154.06347144467748,206.41000000000003
159.26615048271503,190.12700000000004
160.51245557589664,194.502
167.82246326299745,176.64599999999996
165.5754145164707,192.641
180.21103975394016,214.63300000000007
205.12641605870465,242.27900000000005
230.91480485987918,214.27499999999998
235.7920313550978,269.80500000000006
241.29841446548693,253.72300000000004
233.80597747796995,225.16000000000003
213.25410055754827,182.31199999999995
174.15756680419204,148.59300000000005
136.52473942398,120.49999999999999
115.48177819403382,100.26999999999997
95.3968013219105,95.04499999999996
93.6570313810919,94.54800000000003
94.9709850724358,103.16000000000003
111.06096982904052,125.10600000000002
129.67346265349335,155.81400000000002
150.451007866527,169.65399999999994
155.7581980577092,155.565
164.25560653194924,147.25000000000003
179.17817083947244,149.16300000000007
186.9004583769094,153.58899999999997
175.03960062302286,167.43900000000002
177.38193304060468,172.24000000000004
168.13569285449282,145.96599999999998
178.11901354991437,152.62800000000004
197.70264904686172,172.491
223.1287126581978,185.69699999999992
216.80208518160293,213.53499999999997
255.9071101831998,239.49899999999994
245.67572559617963,243.374
225.96185232782994,227.18999999999994
191.23049753606756,183.2129999999999
157.26171304706537,145.68499999999997
126.49637428047332,114.16300000000004
105.49597745769086,97.891
93.69875350271528,94.88299999999998
93.4443398340622,92.327
100.73750243364199,109.285
121.1278171627016,136.29799999999994
147.59991205515644,142.96499999999995
162.79156755845923,165.91100000000003
153.92444398800643,149.998
151.78506867712986,141.89899999999997
156.5152325106459,134.18599999999998
162.45407971232873,135.925
171.0043261425859,134.26
174.18730823543046,143.66899999999998
152.28047520527332,139.44699999999997
160.9009691423231,151.24200000000002
180.78782791029192,153.42400000000004
196.60552233214733,184.57100000000005
217.56947653709548,215.93500000000006
246.519712391202,222.87899999999993
245.73381753571618,240.89799999999997
227.57870545184932,232.824
186.56258065410987,195.53200000000004
150.16022460439456,148.49100000000004
118.75924419385441,120.83499999999998
101.14535177689869,111.92300000000003
102.01198547902356,100.10399999999998
97.63339626090024,96.525
109.5484692485966,103.46700000000004
133.62189886498513,128.21099999999996
145.2250141463285,160.54200000000003
165.14983948615966,179.41399999999993
151.50551382817744,165.38500000000005
145.5967107856843,141.82200000000006
141.06218343651452,135.177
144.85811034493372,147.47199999999998
147.19929247347494,141.14
156.70030201842374,158.99300000000002
145.68942533505373,142.70300000000003
157.2810024411399,154.81699999999995
163.1535368522426,162.339
191.4687199693542,198.70999999999998
219.85902013303257,212.56499999999994
232.93452980522505,227.74300000000008
244.60570292566547,240.648
233.08116414279857,233.77500000000003
194.1270110874957,209.77699999999993
150.29610255614978,161.11100000000005
120.77967445119,117.22400000000002
108.44883036036326,108.12400000000002
98.66559873423927,101.96300000000002
95.46127485547238,95.161
103.94696987369262,107.21600000000004
128.6504738044523,137.87699999999995
155.0864420478923,157.85900000000004
173.36676072324587,179.81399999999996
159.57355370780456,158.53699999999998
142.1630217720281,138.79799999999994
136.50584297475308,144.615
147.7516230896653,144.836
143.49411504536923,136.00800000000004
159.9793142249536,131.57500000000002
144.32406339992534,135.28900000000004
156.31766260510042,160.261
163.57044249444797,167.263
197.91998397978602,198.483
215.2015489868818,225.894
230.52556264913864,225.67800000000005
242.27301496130633,228.027
234.24058476091267,208.75300000000004
205.8764793328506,169.64499999999998
157.81687549451962,138.002
124.24145984996755,111.73600000000002
111.85001681980916,99.912
90.17510440316559,93.67600000000002
88.99820641859354,84.82899999999998
90.67532880638619,86.65199999999996
98.60554731746126,98.45599999999999
110.36636176244875,126.499
140.47289541923843,154.46800000000002
153.80290976905533,163.27800000000002
164.749745907818,172.40099999999998
164.99936270191654,169.51800000000003
166.2005524362092,175.90900000000002
173.00350872123815,179.99699999999993
165.90855995683376,172.59000000000006
164.5353544664979,157.38200000000003
166.3642079467602,170.78
183.57003787535,190.6760000000001
200.76914993932857,203.56900000000005
209.35318134127598,208.902
226.2916259927366,206.24900000000002
219.20610865160873,231.49899999999997
202.62545464440188,204.06299999999993
188.48184848217073,169.998
167.82247352232986,147.78600000000003
134.35884996490879,125.48600000000005
118.22057057223051,102.79799999999999
96.06395188326908,88.78300000000004
87.31385538931977,85.217
89.84926593298941,80.451
101.2679902279333,93.83100000000002
126.7761483103576,111.321
154.1366894759813,142.59399999999997
163.49092743290947,174.772
172.94799156558054,176.41599999999994
170.80187290679277,189.12899999999996
175.91318242820853,193.91199999999992
179.87587031620689,183.62900000000005
171.88858118774996,160.76099999999997
159.4944765621729,158.22600000000006
170.65357459429435,177.272
189.76133249453784,176.83499999999998
203.15056196719723,196.7279999999999
208.93373285306086,217.01199999999994
210.95295368473683,240.5069999999999
229.42128955024512,253.38599999999997
204.68718863567022,225.27999999999997
175.18005785038278,179.4
154.1308936754479,134.20900000000003
117.16207966422752,100.86200000000001
107.48844593586205,91.208
93.32687530671055,86.77100000000002
90.38684164619475,89.29699999999997
103.05667540519727,98.14400000000003
132.6833615044267,123.77199999999996
154.75550752133302,143.978
175.38801925544345,170.55100000000004
156.58366623328058,148.85299999999995
139.2638774074228,149.43699999999995
142.6632711635881,136.138
145.67680626948976,144.18400000000003
138.51495630020486,132.404
141.1471235161601,127.24700000000004
139.788668698029,125.50099999999998
161.4470677824086,137.565
168.0390683035974,145.71400000000003
199.80090572003456,180.26699999999997
223.05680621963148,216.60500000000002
227.43637856136223,230.42400000000004
233.6024511069557,242.22599999999994
218.94889685919185,214.29299999999992
183.43794582151253,177.46800000000002
147.36079308542742,139.03099999999998
110.38956950863049,108.03400000000002
99.2004491720885,100.70200000000003
92.93326547183571,87.35200000000002
92.80132796566708,86.25999999999999
101.60950730345004,95.07299999999998
128.01083785675172,116.68700000000004
148.98488755732149,148.66899999999998
173.8099269660692,163.28699999999998
152.34763746396095,151.764
147.6491368035717,134.74900000000002
138.6935575589696,138.571
145.80399016116996,139.88400000000001
135.99303321194924,136.577
134.20696503905583,126.28499999999994
131.2138294450954,126.037
145.98519515385328,131.35700000000003
153.79638468186914,134.26799999999997
188.59965715497498,181.452
221.10139689890227,216.14800000000005
230.66626936125417,229.19600000000003
239.49576069681353,225.53100000000006
216.44443373766245,215.22199999999998
180.33893717060272,166.196
143.24880320640526,128.278
110.20699068337288,104.11400000000002
101.38751703640483,94.53200000000002
86.06670444095352,90.29000000000005
86.33303218309203,82.28799999999998
96.04840716400383,94.04399999999995
119.29777460537682,120.64399999999998
149.08469017813937,143.24200000000008
166.28210043650648,165.87800000000001
152.77009031303717,147.579
139.2363074215985,148.62699999999992
139.20746819772256,139.615
141.8238655445088,134.532
137.45057921800358,139.78
130.49329408265214,136.124
128.50685654963632,124.903
136.90012146021323,133.713
140.6510121094376,148.47099999999998
185.83887005501578,187.50800000000004
219.17052360954244,199.668
230.68575173146587,208.75300000000004
231.09530787698316,236.473
217.68588007822626,215.48000000000008
171.80717127951047,169.44799999999998
133.3540157192639,132.14499999999998
107.02978666757716,115.38399999999997
97.38128906972597,99.00199999999998
91.6711622107863,92.16200000000005
85.05645580599398,88.779
96.59410259496431,95.905
121.98652547708362,129.128
146.872777614422,145.587
167.8362478322846,175.00399999999996
150.35166363141974,151.868
146.01037101633145,143.39999999999998
140.690588982299,134.07100000000003
138.54878201992216,141.32600000000002
140.94693640004567,137.50900000000001
135.88278076668817,138.84599999999995
126.34592754435161,133.877
135.22146845627907,149.50399999999996
147.33422195491335,162.94399999999996
187.55839653638418,179.51100000000002
205.48845083638903,203.29899999999998
216.511669538823,216.73600000000002
236.4192289318961,219.14800000000005
216.46142655688834,224.09699999999998
171.07649925888575,188.791
133.26628457788644,139.07700000000003
113.62497091006637,110.56799999999993
98.9090240524823,95.59700000000001
90.39035766149482,88.78399999999999
86.83012063101785,91.909
95.40372189892702,108.19900000000001
126.35510005107542,129.21499999999995
145.34862769897643,146.86599999999999
172.06098347920314,165.11200000000008
150.59781658937283,145.857
144.03717196187745,143.088
135.94474957375317,149.057
141.0678758323255,139.63899999999995
138.8551619563895,138.41899999999995
138.1471333091271,147.37499999999994
132.03487096629914,144.015
145.52996916934393,149.81900000000002
158.4120202294313,192.9190000000001
181.80076698792635,201.95800000000003
204.2030047867912,215.77300000000002
217.1723810731122,227.3150000000001
225.83295856684634,234.08700000000002
222.34138838366505,228.751
182.86198951219916,201.85400000000004
136.87713633459808,165.44600000000003
116.03251268156711,138.75299999999996
98.63639345038351,118.84399999999995
103.61130832069188,97.67400000000002
97.68238997397323,100.55599999999998
94.01522577050301,100.90900000000003
107.18226833077085,111.96600000000001
125.90330136075563,134.172
156.1590730187079,166.00599999999997
182.9301789960368,188.55200000000002
184.02582969960753,190.8009999999999
191.90302692934137,198.60700000000008
192.9676361819738,198.9000000000001
184.96856827945328,193.4530000000001
165.44220670010154,201.79799999999994
160.86785567340155,189.32900000000006
177.49115247782424,181.32100000000003
181.634259436974,198.637
199.2614963210379,210.13200000000006
215.55957313812743,232.20399999999995
231.7260571920466,243.67600000000004
243.5885360382519,235.81999999999996
215.49569329647488,214.78899999999993
175.32970958284054,196.657
138.79491038876878,170.20600000000005
120.5993052526522,152.042
106.0210728932818,133.31000000000003
109.53688580248999,116.01300000000002
108.83750742020925,106.77500000000003
107.53538418590936,107.49099999999999
117.87319001968945,113.95800000000003
138.28233458005883,123.66
168.83965646378667,151.992
189.27805769474685,199.48400000000004
189.74438193411873,218.81900000000005
196.1772413467296,234.68800000000002
196.0874226926963,223.03400000000002
190.00342964636496,202.60800000000006
190.85932268710945,210.23700000000008
178.8556608775969,201.57200000000012
176.91501201440738,180.24099999999996
191.23027742783643,186.22900000000004
204.83974101418298,228.00799999999998
225.28432451998123,262.33600000000007
236.6168334609343,265.11099999999993
233.45040790024558,251.25500000000005
212.48581308389478,221.575
189.53824761190322,184.788
161.11909513265832,148.04400000000004
117.30454443935787,121.017
98.8579086040468,111.481
97.05935856244791,96.90999999999997
95.685097745823,95.42299999999999
107.18807028599687,105.37600000000002
128.37984416306523,126.60800000000002
146.5564622162501,153.368
167.33371861489056,175.86699999999996
147.4649852727732,157.93399999999997
143.9675287055793,145.14700000000005
145.18072617987218,123.13400000000001
139.07704114209707,147.85199999999998
137.92161227520177,137.714
143.70991389630277,146.353
139.38580201087254,138.774
146.56325568485968,157.685
180.84317967473623,176.03000000000006
192.9176035427443,194.03699999999992
210.61919674951037,228.98700000000002
222.94467284863873,229.87700000000007
230.5993246422817,216.8080000000001
225.6237265405445,219.89500000000004
194.9631883239306,177.724
155.11860025432242,141.08100000000005
121.0601222704527,125.942
106.86984499981595,99.17500000000001
91.25628863982547,92.20100000000002
91.38387837729653,92.57800000000002
102.4691982158347,100.89299999999999
124.91825963521799,125.707
149.795880542602,161.33900000000003
171.8855457072767,170.60999999999996
153.35528708838217,163.878
144.68976639544283,140.43800000000005
130.95465427558923,133.12899999999996
145.55637123499605,129.515
137.69553768695323,132.77400000000003
145.2218806711408,145.44100000000003
138.42188926457007,126.537
153.60059189355792,141.04
175.2602302129319,160.45600000000007
192.21693612383393,183.656
221.96812268716133,221.79000000000013
225.96833066452928,228.74100000000004
220.68216245957967,225.24199999999996
222.41391828448843,217.13300000000004
183.1525407680197,178.194
145.4124128802528,131.45600000000002
124.0047130349651,108.33900000000003
100.90905294453292,97.42300000000002
91.6872883952195,93.41300000000004
91.89524160242478,89.53800000000001
101.60945957134933,100.94100000000002
126.29893730707936,134.36700000000002
158.32473117674238,157.60600000000002
170.83327260716123,184.052
160.82076284645936,167.40700000000004
141.6443182601866,145.99199999999996
133.1393456797706,132.398
134.79118474060058,137.612
135.94208211097578,135.462
146.3259482213049,142.448
129.766737900055,125.11899999999994
144.97062850183985,128.32799999999997
164.74243443772866,150.474
186.90954429259108,186.41899999999998
222.50683031744285,206.24
227.62605473367108,227.76799999999992
223.81880049752465,239.99
218.52492839501906,210.53600000000006
180.09231004082903,171.44800000000004
135.22485213002136,141.95399999999998
112.66683848576955,113.517
98.98200378330895,93.09300000000003
91.21796108329063,89.86099999999999
89.2876415778282,96.17500000000001
100.76480168820852,100.381
131.5641326477347,120.039
156.58605227648582,138.135
178.73275061899875,173.88599999999997
163.67820723788986,155.88199999999995
143.64431135415148,132.318
131.40083613266404,142.98299999999998
135.84551362258966,147.09300000000002
134.92690322440035,135.445
143.10643289510313,134.688
126.94490957233552,127.63199999999999
133.90900191456666,152.10299999999995
155.40381167155405,144.79699999999997
188.0436834394053,163.97200000000007
212.04994973424,191.99899999999997
228.0929171330705,219.563
234.89849347307725,235.78799999999998
213.97329459045366,214.7800000000001
175.24843765103554,180.48799999999997
141.32684321998877,139.98200000000003
113.72641298832593,114.81300000000003
94.95055590617682,97.60499999999996
92.37321095044945,95.46600000000001
95.84343771865413,98.49499999999999
101.19236532863981,103.432
124.06815788674103,131.457
144.41361267876104,153.65400000000005
176.6112280119668,175.08600000000004
158.73019271231712,166.29100000000005
136.13764777005824,150.356
139.97431350886646,143.05900000000003
143.2277002836443,140.93000000000004
134.53744277570166,150.65900000000005
136.59476799185418,141.128
127.71561379253487,134.60499999999996
146.93715705558265,143.59500000000006
148.24393713579008,147.913
172.16204961148935,178.73899999999998
199.45713273629664,208.44599999999997
223.5987024027486,213.92000000000002
236.96662735421324,224.30899999999997
214.33867990758938,199.44700000000006
178.72584626876704,167.53300000000002
140.27939870730637,148.50700000000003
125.53711668850286,118.13000000000007
112.76268861065864,102.04100000000001
88.47944124576722,96.10100000000003
87.22445446977983,90.63200000000002
88.83886634099068,102.92000000000004
98.11351100460558,104.561
113.70725330235825,133.263
143.99724258440014,160.00499999999997
186.03113169219333,179.17900000000006
200.7340593416683,178.31500000000005
213.05797048892845,175.97500000000002
206.12022890807845,179.56900000000002
191.16856825404798,174.48499999999996
198.1399634857717,170.39499999999995
188.2230226584083,178.69499999999996
174.38956378657412,183.112
184.005906377781,203.78599999999994
218.13086288258285,208.779
246.7972335960057,223.17999999999995
250.43025537089278,224.33399999999995
240.57797561943124,222.32499999999993
213.82386414057885,200.469
183.0973853185574,172.689
150.03522561081962,150.50600000000003
123.37616987992598,124.19499999999996
108.15994983366653,112.40400000000001
103.68375791011047,108.33500000000006
94.75729252406558,107.59500000000003
104.47069941613162,101.91700000000003
106.50116341284047,106.73400000000002
130.85439463875707,128.123
157.6727331846639,154.79699999999997
181.9055411067048,178.59199999999996
185.36271568655346,186.4819999999999
187.4130104667662,181.82200000000012
189.7265213356785,206.43800000000002
182.36432309161108,187.04499999999996
179.8196051615182,174.31500000000005
184.93098372500845,171.432
183.40486259799513,175.759
199.59624513578035,182.19900000000004
211.57371187394835,202.423
229.50053686218519,219.38200000000006
232.84500704721597,236.98100000000005
230.5551296553137,241.80100000000002
208.66262856311113,224.44400000000002
179.30000789853682,176.697
153.63938975125998,139.733
118.76146652097847,115.60800000000006
98.64892691955781,101.179
96.55332164468084,97.106
98.78639255374283,95.21900000000002
103.54779718729324,105.07500000000002
129.40298000746117,127.22100000000002
150.72933216537285,151.37
175.75208339889934,173.95600000000007
163.79809726980983,152.464
145.2847226490611,134.788
140.58572988897737,136.64500000000007
140.28039903968497,138.50900000000001
143.24849864035735,143.57999999999998
137.16358536979084,136.12199999999996
131.7567415942367,135.52700000000004
143.33450176039784,142.98600000000002
147.40992210683174,180.33599999999996
176.98859384580965,206.62900000000002
205.60607818908753,216.44600000000003
217.7445031444164,239.47699999999998
228.85012618521245,266.631
205.1196473623088,230.52800000000002
173.08975030830092,184.10699999999994
146.6286240473138,146.28600000000003
118.24004372383146,115.228
101.37598994730169,100.94799999999998
96.50453256272232,92.459
96.01406884403997,95.601
104.04216377308104,103.29000000000002
126.96753330160965,127.07700000000003
151.04289194192637,156.85999999999996
174.12066791685004,179.60900000000007
155.6353967099825,164.09699999999998
138.50718461584222,152.08499999999998
138.83425971695038,152.14499999999995
139.84319981147934,137.859
143.69117511437025,145.39699999999996
137.2914612926779,138.71299999999997
134.71126431360963,139.83399999999997
143.08667069665682,161.841
169.68043675796372,169.78199999999998
194.90568158010677,197.91599999999988
210.5944818260025,217.58600000000007
231.2167720363597,247.97100000000006
251.91341569888155,246.24599999999998
219.89709697858905,231.87000000000006
177.75220234360282,199.67099999999994
144.15963683099022,162.389
114.90285195546696,125.28399999999999
100.45442429117993,107.87300000000002
96.34448614261805,101.87099999999998
97.0981819650094,109.74700000000004
104.21100185046836,108.57600000000001
127.7234383064867,140.717
155.8765255234921,170.63199999999998
177.99929955139427,189.25800000000004
161.543742127455,169.878
146.73000684082345,157.89500000000004
146.80241477316042,143.16499999999996
138.58079600276903,141.47200000000004
144.91118747441328,141.29199999999997
138.59545280600284,144.99
138.25601120123076,139.024
155.59024353017818,151.089
167.89581700386645,170.872
195.39627725914968,194.28199999999995
214.7395280235208,216.17999999999998
241.89881734718415,234.96600000000007
246.07203305363407,252.541
226.8680213301164,237.112
190.8372066569293,188.14600000000002
155.072607922926,150.30200000000005
120.98540181296195,123.55399999999997
104.59919042391044,103.80300000000003
98.2267885439125,104.22300000000003
104.03719763287116,100.15300000000002
105.54731096092169,107.954
134.88317042255636,124.48
164.62402991856868,152.68700000000007
183.9540142354407,181.566
166.02097702383912,172.788
153.37756735011783,156.402
144.6377390231965,135.60199999999998
140.70906156954499,144.01600000000002
142.11741642634618,136.78000000000003
142.81684730707798,139.039
137.95051317283048,138.82399999999996
151.62330175456782,158.977
169.74917560279124,162.95499999999998
194.06636259593395,179.69600000000008
216.0164222654484,218.68999999999994
236.32976176505733,243.252
250.21849368317353,247.86499999999998
233.34133157567976,232.23499999999996
187.415201362484,200.62200000000004
150.74176635024284,162.95299999999997
121.40861679934173,115.703
102.8837805170856,106.33200000000001
103.90756283929596,104.68299999999998
102.75500533335969,104.61500000000004
108.05451137732877,103.93900000000002
128.53165052952446,131.918
157.24269913716557,165.329
182.0795391300552,171.481
170.46743835532902,160.46800000000002
154.77148281744772,154.72999999999996
138.4769480635155,145.079
142.94409930660942,140.92499999999995
138.66795702602366,154.3160000000001
141.03000682542708,150.623
138.9601235803491,141.67300000000003
156.83199081571377,147.25600000000003
164.70670876945871,183.47699999999998
183.98399774022892,194.879
218.36684523652022,220.60800000000006
240.98371227795573,228.82799999999992
248.1039933004423,228.6509999999999
231.2800826650919,207.90200000000004
195.0271380084298,183.01100000000005
157.51359661017767,153.356
128.71957915881904,131.44400000000002
114.7232146420767,114.80000000000001
108.85546117038236,108.18199999999999
107.56672034753652,106.05699999999999
103.80667404341116,104.64899999999999
107.99681621509755,118.52800000000002
129.38643746004152,127.006
156.60091496113483,173.76799999999997
180.5448857742898,182.11800000000002
187.42279442926724,188.446
184.7228765239873,190.82999999999998
203.12250611896906,195.533
186.03998614393845,188.05599999999995
176.34177262833657,186.93
175.9072078164214,176.184
178.8954920574767,190.04499999999996
187.98742461454995,183.88299999999992
206.81026671144977,210.139
224.68035108362596,236.27200000000005
238.92055125191223,235.67899999999997
239.95561878568225,227.30900000000003
219.35970972405823,211.26000000000005
176.52026357661575,187.14100000000005
144.77284331577528,161.86899999999997
125.04212417667401,135.42000000000002
111.00031365656301,122.75299999999997
115.58010521839185,109.35100000000003
111.37657709895329,106.398
107.9593713854392,105.52200000000005
117.34878982872301,111.26600000000005
128.3997964453284,120.134
168.2416767613923,158.39200000000005
179.68697499072704,195.91099999999997
186.95295791178108,216.97499999999997
188.63971336893113,224.13200000000006
196.77487913816123,212.657
187.14775371249033,214.35600000000002
183.86243983559547,198.738
175.2091349051547,206.31399999999996
186.36376956622385,208.62300000000002
184.38431256725994,212.426
209.4048241473656,214.33700000000005
233.17257950857214,243.86500000000004
235.49728861973296,263.09000000000003
230.38799570291212,276.2109999999999
214.31662008402037,223.72099999999995
185.24414788250334,191.841
157.09345088049065,155.027
117.21664413275533,136.81600000000006
105.53413226725414,121.95800000000001
112.77034559372203,106.32800000000005
107.35225696796233,104.67400000000004
106.24526259788587,117.78099999999996
132.19041465367144,134.01199999999997
163.07666396529385,160.47599999999997
176.15071650283338,176.92899999999992
165.07009160061838,174.93599999999998
156.21512418735068,162.871
143.78306962874723,163.993
141.88141822325548,176.03900000000004
148.9050335237185,170.45299999999997
145.67845949597688,158.48899999999998
139.69460513398957,154.05099999999996
148.6231432639149,196.0039999999999
177.19942925856014,201.7680000000001
190.89491034307446,236.13299999999998
218.75443083709803,277.736
231.03978640189558,279.70900000000006
233.4611221925809,268.35
214.8998857681609,238.7779999999999
188.62380210924943,204.69
155.26033094513494,166.65099999999998
129.03455659946908,128.855
114.41394191771872,111.38500000000002
102.1755646534618,107.14700000000003
101.25975986083822,105.841
111.3558592261431,110.50000000000001
130.90823217857536,134.737
158.91728195914015,158.659
175.60448342895307,191.08800000000002
170.6949360838763,165.77999999999997
159.4900852909502,154.856
155.6970326083472,146.8
161.3926828815153,154.10999999999996
158.91454444716734,166.35900000000004
149.96547027012218,157.001
146.81198356973448,162.46699999999998
175.956186396019,170.80600000000004
188.26901660696558,185.868
215.82247830945505,233.34499999999997
251.14181420002333,235.69
257.4733890324367,238.435
251.47252595801683,256.23400000000004
227.20581234857576,224.32100000000008
195.717535829256,187.642
160.273751509318,145.7710000000001
126.77530931156704,115.78300000000002
111.06647929699426,104.40799999999999
102.41897179350514,99.22900000000003
102.24896945385984,98.72199999999998
109.01750633221582,103.94600000000001
132.34202347361781,130.85399999999998
158.33091505743042,156.05400000000006
186.25851812342484,181.567
166.19319088098936,170.213
155.53656652578647,152.96099999999996
148.4336605347964,159.11700000000002
155.09036507809623,146.01899999999998
163.54040577844916,151.96999999999997
154.14803484372786,161.816
156.3652136279731,159.91099999999997
169.08315049032154,178.85599999999997
184.68727477557738,176.90200000000002
226.9515225429135,210.951
237.13148699957833,231.05399999999997
241.98395459232606,264.173
254.4874240487256,252.98899999999998
224.64535710482,234.84299999999996
189.5112735004986,192.128
149.1507722536522,150.56300000000007
118.96739362452718,128.45100000000002
106.59435504467064,108.31300000000003
101.90744480848349,100.531
100.95558214334497,105.00199999999998
106.39152182220127,108.22600000000001
131.9914500153348,133.278
157.59292483023188,156.22299999999996
183.48665605766377,183.423
169.36859277740638,148.44
153.7166562574714,155.911
156.02150376233413,156.765
148.94400628134002,159.43200000000002
155.89311406587666,160.47999999999996
159.2562316401416,149.66300000000004
158.09787993895694,152.229
175.38774189041442,152.678
178.57729335463767,171.00699999999998
214.77197987796418,211.25400000000002
232.56463731536903,240.98000000000002
257.0744462370988,246.49
252.67630383064267,243.777
230.7352602230862,216.84400000000005
190.1989624467248,176.0600000000001
149.83218904294088,137.51999999999998
125.56289741982326,113.156
107.71847281701024,97.06300000000002
95.04204312333911,94.10700000000003
100.17890795526259,94.89999999999998
106.02290419242158,106.548
132.08376138895738,115.862
156.08476201706128,154.37299999999993
183.16968013356274,186.98099999999988
155.5833785083912,166.08800000000002
156.0478414081805,167.30499999999995
156.44103595594473,148.54399999999998
155.51462126435007,145.52900000000005
158.20810605166298,155.84199999999993
152.9155483570653,141.81800000000004
154.3016827411327,139.29500000000002
159.24970536442595,158.96400000000006
174.89425337990892,169.22999999999996
214.03998264732857,213.05399999999997
239.78465492910678,231.128
249.4038958349135,225.26199999999994
247.29277686618667,227.9050000000001
221.12379538334676,207.312
181.74579480869363,166.901
141.7213465912714,134.73199999999997
122.86652621784495,115.745
112.35917850967489,100.534
91.99906268306559,93.279
94.36843913519962,92.76199999999999
95.64869413429068,93.78
104.89120562382146,109.10900000000001
117.33838799688611,125.16100000000003
157.6224577630662,158.671
189.36006723306596,184.16200000000006
205.69517643516843,186.55100000000007
210.2774870912724,187.65399999999997
204.5739279568889,193.67999999999995
203.3690712687627,189.1829999999999
191.60294589469714,179.02100000000002
194.5528588009481,183.24399999999997
198.74306741675585,178.9069999999999
200.87015634603793,176.39000000000004
210.61292225871586,218.603
238.6770687318467,224.25399999999996
252.80969825580058,226.62
259.5487721194625,211.47000000000003
217.59305205296118,206.723
187.21629680125432,183.28499999999997
153.57683422675603,143.618
130.75509466665534,121.769
112.81491222828882,99.83500000000004
93.06623379104576,100.43199999999999
92.43773649628751,102.69400000000005
93.97676381012582,102.52799999999999
108.58972956299729,115.10999999999999
123.92396150797329,119.72300000000001
158.54737209494778,162.23700000000002
185.2256640966178,181.81
191.86140705296106,180.804
195.49192772763948,174.49900000000002
199.32560116041847,197.84500000000003
195.0776970904344,185.11499999999995
184.4581665573408,190.89900000000003
188.16558588352484,188.53999999999996
185.30635104541838,189.8669999999999
184.7064420490641,182.66800000000006
218.02930790959297,215.2840000000001
228.99425575655275,222.53300000000002
236.2199849190709,256.285
227.41552994569346,248.49300000000005
214.75129914230723,204.911
187.5926637371859,165.98199999999997
148.0561038171338,148.73000000000002
120.56568336487719,108.32999999999998
102.21411588579858,98.33999999999997
94.91214847991269,93.20600000000005
97.21134148692991,88.72800000000001
107.37465748408883,103.07900000000001
121.6639054503967,117.632
156.05877539845136,146.503
186.2197583025763,177.42500000000007
163.0029956630261,156.765
163.50749311443406,139.361
151.19517149837503,140.45300000000003
149.20870448169433,141.56999999999996
157.3216709773035,139.66299999999998
146.0430693898568,160.25599999999991
144.37415396325696,148.086
160.90885972634612,157.65999999999997
171.8610543697241,160.13699999999997
214.62593882241606,203.32799999999992
233.94939415374392,225.4310000000001
233.20295300397453,242.02199999999993
235.0985299695339,243.44499999999994
212.68324571852975,225.57700000000006
172.97972584901277,176.99099999999999
139.07708461621803,140.98
109.27978310940995,108.133
99.27238470004625,102.88600000000001
96.13574897699023,93.95099999999998
92.59881553712819,97.042
105.99147786079664,102.64299999999996
120.25152550625884,125.078
151.61293459120975,167.22600000000003
182.09028008760885,172.567
160.34965820157421,153.377
146.4523962535241,134.53400000000008
145.54858975666332,134.47699999999998
145.28965790482832,143.38899999999998
146.05910707556555,141.661
156.2114944862999,148.11199999999994
146.93751837607527,127.70799999999997
158.91179739746994,145.06099999999998
163.34203670899336,154.02099999999996
207.31688711939415,178.858
228.94715558381796,225.89600000000002
241.46413354184483,232.9
242.16561681478623,248.22299999999996
222.9158614239838,201.019
176.63479779241857,179.20599999999996
140.7786610663559,144.03300000000004
109.28813882771905,111.80299999999997
102.14791957535766,99.518
93.93729859925838,95.61800000000004
95.74569826556632,97.55100000000003
104.01325769204949,103.56300000000002
124.55451647603721,127.04399999999998
162.4518031411897,150.56800000000004
175.99660309201045,177.05599999999998
155.52333489611726,146.18600000000004
139.0112356100612,145.363
138.60613051025913,137.745
144.70812704756656,140.74699999999999
144.58628764636234,142.36500000000007
151.63960125695672,148.22000000000006
134.44743409060453,144.24400000000003
151.19049862434616,160.68200000000004
158.86468306807512,168.48899999999995
189.4723624803895,186.976
228.46110214531876,221.63699999999994
236.75326762625843,236.673
247.41010409772394,257.437
208.21172502048472,215.60700000000003
179.28652086384798,182.214
143.74325288211833,149.48699999999997
111.7441000490405,115.41700000000003
100.79350515384277,101.04499999999996
95.77862752678988,92.506
97.59462983305598,93.72199999999998
104.03969112784388,110.34799999999998
126.81677753625928,131.15600000000006
154.1468027051418,160.18200000000002
177.17078136665455,179.2609999999999
149.02299518000876,147.784
144.94116288227778,139.12
138.50546057990422,121.219
143.43528449765645,133.16600000000005
144.87829798603818,132.71799999999996
150.43089472694962,136.23299999999995
142.32967371824128,140.26500000000004
158.1007392998871,149.49600000000004
165.76295355321275,155.248
187.31646685125392,188.66300000000004
223.21187296047748,215.08199999999994
237.20961494747064,237.97699999999998
254.46681597098373,233.25799999999998
212.91641672447082,235.90499999999997
181.48526284364144,195.27599999999998
147.41752681519452,152.60800000000006
114.0033682729036,118.34300000000002
100.499144607798,103.69700000000003
94.48486688679533,98.99699999999999
95.75979327227145,97.01399999999998
108.63658147286665,105.60699999999999
129.59101086089765,137.22300000000004
158.06805873515492,155.369
178.6787526054335,194.0829999999999
148.4715799962973,166.14899999999994
141.10483373800207,152.435
127.17430560326878,149.43400000000003
136.6708994668349,144.929
137.022769275005,125.79899999999998
141.87914999093516,139.66000000000003
141.46916661338923,145.985
152.51914868704785,149.52100000000007
159.02882458046304,173.88199999999995
189.70975738903357,187.88600000000005
218.49617450604543,207.69100000000003
238.2273408833617,234.30700000000002
240.3513645481758,235.704
228.09195612960747,209.89999999999998
188.3036264400169,182.40599999999995
149.16120325071523,165.10499999999996
126.32906458799033,131.68099999999998
104.82760164835409,115.89700000000002
113.07426885155331,108.51599999999999
112.01608671365568,105.68
110.43739487712402,111.89900000000003
121.42678454570239,109.293
125.93966678609087,131.15899999999996
165.64512831936256,163.08299999999997
186.49288760247856,184.628
187.30886748204685,184.079
183.611833834571,187.46199999999996
200.06564860902623,177.61800000000002
189.52813768743272,185.04700000000003
190.20195500938559,171.38199999999998
189.2556178114458,179.90300000000002
189.06741196286626,180.62099999999995
183.86831849066655,203.62199999999996
216.2719569342358,211.43100000000007
225.5391137107591,209.08000000000004
251.01140318527757,227.09699999999998
241.64999390739717,225.40799999999996
208.11853524736534,210.304
173.40922209981522,188.68599999999998
149.59413794650078,155.009
122.61768382560264,136.08799999999994
107.59671121909247,114.636
108.09953330255391,104.40600000000002
105.31319709090064,102.45499999999998
109.51677994365782,106.17399999999998
110.08217577711588,112.957
127.87297659011475,126.59899999999996
163.12478255394717,162.493
184.76538655473507,210.89800000000014
184.51932433977436,192.38199999999998
187.00356388680007,186.779
185.38460879605816,188.77300000000002
190.13085398087844,207.072
178.5333750696895,183.02200000000005
185.79449532791278,182.07799999999997
185.80584580845374,179.99800000000005
200.09400583847855,201.77000000000004
213.1964432285742,231.11
215.05222760925375,232.71099999999998
236.13997816897862,262.172
233.52519598962098,254.01899999999998
212.26443726430017,229.374
185.71429817150545,190.15900000000008
153.8050907771431,154.92900000000003
118.07943604072003,131.442
103.11833641857132,112.64900000000003
100.99638631699396,110.46700000000004
98.64955238311629,102.53499999999998
106.94707098720383,111.46100000000001
134.44784353113096,128.62300000000005
156.21444115698495,155.76099999999997
187.7514428879021,176.34900000000005
159.12245005895227,152.06100000000004
147.26270228508804,155.4410000000001
141.69136381373397,151.52300000000002
141.13932566940585,157.58999999999997
128.66096242795422,154.55
140.96204053054993,158.94299999999998
144.83287169551488,155.38099999999994
150.68090929142164,165.93199999999996
170.20286762805324,192.35399999999998
188.17010799564923,219.933
210.74208303664983,253.609
236.0756868297617,270.38899999999995
237.52954657654846,260.3509999999999
215.84886470108313,246.86699999999996
185.13451905851787,203.73599999999993
159.60196804206527,167.68599999999998
128.52951214019413,131.75400000000002
109.70198570184688,120.33600000000004
111.60302621377025,110.77500000000003
102.03633396708722,111.363
109.51990198550664,118.41999999999996
129.65026203045988,139.15500000000003
155.8069507191854,165.14100000000002
179.88765398010048,198.36599999999996
154.4408349053756,156.45800000000003
153.12805919695188,142.875
148.01285794776692,134.15899999999996
152.08760326662713,130.35100000000003
144.5940820159733,147.55299999999997
150.78408583587458,152.776
150.6866748172435,154.173
159.42752594482107,157.29800000000006
183.22112782765157,166.83100000000007
207.08441998590393,187.39600000000007
236.10183932320203,242.35000000000005
255.2636049187597,253.73400000000004
249.83863909617924,252.867
234.20385497544322,229.87699999999995
194.41929618072493,195.44300000000004
161.6166238693828,148.73600000000008
128.1320208215861,127.53500000000004
115.65797111693409,112.28500000000003
106.39533377245863,101.65600000000002
106.61007080803435,100.65199999999999
113.98409905004982,106.52700000000004
134.74373060339974,132.49499999999998
161.1744248647958,150.55700000000002
191.9080810126726,186.721
154.7021020987895,155.32
144.31965286384144,140.18200000000002
136.88025870519306,135.21900000000002
134.73037296858905,137.30299999999994
146.74925898848193,143.017
151.7190865281289,146.26200000000009
153.05456705272604,149.89499999999998
157.13983886149236,153.28500000000008
170.2573475431481,166.21400000000003
191.9998089774378,195.718
241.09683539747618,223.62199999999999
253.29217078467823,249.291
251.41299950351285,243.58300000000003
230.6974768879378,230.58199999999988
194.47077987332096,195.358
151.68358835590533,141.44700000000003
127.68118537090041,111.287
112.92412058668165,103.45600000000005
97.99462160473294,99.957
98.90062349489813,96.88800000000002
107.64496262464277,105.88499999999996
132.81119395493636,128.34699999999998
154.00926592151887,149.38000000000002
188.8578298088973,173.25499999999997
155.87338155119141,151.37499999999997
141.77530846031956,150.91299999999998
136.11977629113667,147.208
137.44800192593735,146.95700000000002
144.5163640073468,140.931
148.14488270558138,143.21000000000004
150.41184934315413,143.81899999999996
154.89576545672867,163.809
167.8955998556089,171.25600000000003
195.31821122174955,203.523
228.70881975875488,243.02499999999992
250.4465960773222,257.474
246.02541974650518,237.88299999999998
230.815575277596,227.57500000000007
195.0374020459705,182.43700000000007
144.8196344437739,150.59900000000002
116.52617525281539,124.63199999999998
106.79593691145222,105.97300000000001
101.42455898428315,100.03300000000004
99.41469226396853,103.47000000000001
107.0994642111418,108.88399999999999
129.80604736521096,139.02000000000004
151.29194765909563,154.199
177.64433670712316,176.26300000000006
153.3382192818674,158.59
148.99079968392243,148.21900000000005
144.11230852181924,130.54600000000002
143.66989922253566,138.954
141.1696300207589,142.099
143.71070630536252,137.46200000000002
145.60298492065647,139.06600000000003
161.0949845594239,146.72899999999998
169.73899176181536,174.11
201.0123702831482,192.36799999999994
238.88053688517184,234.18000000000006
254.8834247277587,257.50800000000004
240.67881151787026,228.73100000000005
228.66235018548258,204.889
187.4209656478186,165.162
150.38206727187568,145.445
129.07007121750166,127.41800000000003
110.60044370150337,117.81299999999997
108.26538797567471,106.921
104.96306369692302,97.23100000000005
108.5024791570643,104.24699999999997
112.60102209727913,106.84600000000006
127.24442532808146,129.25599999999997
161.91285587199243,164.99999999999997
200.36796179243024,181.06999999999994
187.58645396103054,174.507
185.6333945758922,187.44200000000006
188.15761963622924,182.15799999999996
200.71824054902248,184.48000000000002
182.22280597209559,172.49099999999999
183.92774782598042,181.28599999999994
183.32871692420846,199.54799999999994
202.3867996368441,208.27500000000003
224.6277288634421,211.423
226.02902918790056,222.7510000000001
251.3005035788721,229.73200000000006
244.1483156917177,216.34199999999993
219.94895729106057,208.01299999999998
185.04669333694068,178.02099999999996
152.19968164511107,165.01599999999996
131.219544194115,140.31999999999994
117.4596394372569,116.11300000000003
105.57049050322826,112.46299999999995
98.25487551773959,101.31000000000002
104.38837751779648,99.79200000000002
108.06485026674693,108.59599999999999
128.60793280970077,122.87599999999995
164.48151328271626,150.317
187.0907702399663,179.59799999999996
179.62017287709364,197.59299999999996
188.60635420006005,174.42299999999994
184.97864470983885,191.54899999999992
189.17874454507913,202.556
176.89486526766348,197.228
183.4272074942437,178.36300000000006
195.14538005735858,164.41400000000004
204.12453442084933,176.35799999999998
215.16769383560933,206.05499999999995
224.2146681128508,240.65300000000002
236.31453895376754,250.03699999999998
224.43734827254696,245.872
213.21283786143408,212.41500000000002
181.27369633022795,170.0
162.0960464845843,135.39700000000002
127.46633841459794,109.62199999999999
108.64577924285726,102.10600000000002
99.23429806545519,100.38200000000003
101.49544651647712,87.53899999999999
108.09694409602028,97.77000000000001
135.99283511156509,121.67200000000003
152.83816735447678,148.481
176.5451051254678,177.49399999999997
156.28888398413514,158.46799999999996
147.0923934689884,144.62799999999993
134.24153933514845,132.09000000000003
140.71462656870713,133.91
142.37505469441493,134.723
139.89990529326028,132.33000000000007
141.30732447660972,131.28100000000006
151.38228848955418,137.77100000000002
172.74541662271486,155.439
194.42594123813132,185.28899999999993
234.67888219847885,215.64499999999995
255.8702308201783,250.945
232.61138225151734,239.878
212.2485559088459,213.85000000000008
172.6894351013392,159.99599999999998
148.45941228147436,131.328
118.24558546395895,108.83600000000003
106.72796628112879,93.47700000000003
96.5526305748682,89.82800000000002
90.98088159810433,85.241
101.7050382935885,91.09000000000005
127.01580520109412,113.32500000000002
150.40053956195374,147.32100000000008
178.47125979200703,166.334
157.83673952505586,153.05100000000004
145.41978471252622,142.646
132.87527138998362,135.457
135.68138600636667,132.62699999999998
137.0355084627612,137.65600000000003
135.79177773136794,147.38100000000006
134.5620960745163,136.90000000000003
143.1550325444595,138.919
161.71898766795283,157.88200000000006
189.5446276845057,193.90500000000003
222.6478348015632,214.128
254.26083479452473,256.62699999999995
238.45924915660336,243.05400000000003
213.658200173458,215.99399999999991
164.9722809399033,168.94400000000002
138.0064061194106,140.583
113.09176679731766,103.22999999999999
98.87790763319481,95.30900000000003
92.47827723200858,91.61200000000001
87.54103675532619,91.03500000000005
94.33541331525605,106.946
117.38514073269658,128.52499999999995
148.87261185558546,155.188
170.00643620984061,167.34200000000004
154.52283823813934,158.80599999999993
143.70250533676264,154.04199999999997
134.7073774271274,148.76000000000005
133.72276677853304,148.18599999999998
137.98573434131197,160.64400000000006
143.78844936303327,149.64000000000001
136.5181266094931,148.91699999999997
139.9538357617845,144.536
160.223270250575,167.73200000000003
193.75932122597385,193.18099999999995
217.8043908501869,244.0100000000001
255.823363459355,235.92700000000002
241.53601752963596,250.91899999999995
215.3407028141866,215.23400000000007
168.21533630237053,164.52799999999996
140.27221133901688,137.087
106.5816760209138,111.548
96.70950542969466,98.99900000000002
93.41109853759068,89.47399999999998
91.24278415182974,92.69500000000002
104.23388312796094,102.04400000000003
125.71350713582349,114.93300000000004
152.70420716982278,151.141
167.89106563557434,186.161
157.47088955133847,164.68400000000008
151.1312922370111,130.502
144.0403870692533,137.47200000000004
143.60199704524098,132.48000000000002
152.84820742507077,141.73599999999996
146.2882620287341,132.572
144.52100201842663,123.30699999999999
142.14917648892873,137.725
165.09845483129456,146.14499999999998
193.31681770407337,182.21800000000005
236.68822699238933,224.5689999999999
244.14851405723238,254.7199999999999
248.6374769577748,232.56899999999987
215.48830773520064,210.33900000000003
165.6762970525703,183.78400000000002
138.20148660544456,143.466
110.56271680189826,118.432
98.6841693153531,101.01399999999998
91.00007043553745,98.80900000000003
92.71728196454288,95.05799999999996
102.98124170990314,106.167
119.07506275654828,128.05600000000004
152.70912030646974,155.07600000000002
180.39863062252806,195.052
162.34337835536576,169.173
139.4023816479035,138.83
141.03611927102017,129.05299999999994
136.17638560241537,145.421
145.60927082391441,165.813
138.00277276498127,166.752
131.10784762382568,155.692
141.5260236406604,197.60499999999996
153.32162165813966,189.47000000000006
187.04460863111743,229.40799999999996
229.0070075541839,249.78900000000007
250.69241684108263,275.20000000000016
237.9446906553224,256.28200000000004
212.85730980097958,236.64700000000005
178.3943543716866,195.45600000000002
141.2342050159216,169.298
124.03321247661403,130.28499999999997
108.0194126911311,119.51400000000007
113.33590511304341,116.748
101.2011110176444,110.67099999999998
102.08890991733765,111.34400000000001
109.2977179999273,112.854
125.17944008468702,140.95999999999998
155.41239790335555,180.37300000000002
182.53840260057802,178.41799999999995
191.42541394099223,206.12499999999994
178.97679244755415,195.60199999999995
190.62509390676044,207.91800000000003
198.6872206680706,192.479
190.09569570633784,187.86299999999994
179.1194247535962,191.34399999999994
174.76800712423668,208.35500000000002
187.78954373673875,196.39899999999997
209.9583007362948,215.97100000000003
234.68518941423508,229.286
244.32569298381924,236.56299999999996
238.2855053829569,218.20099999999996
212.11962975518387,203.41500000000002
173.56702252844892,187.681
144.52054225897442,154.163
123.79248890309816,134.06800000000007
113.79449203882494,118.49499999999998
114.62003826715491,110.57100000000005
107.34209678610603,106.90800000000002
107.53358557584893,110.904
110.51700481353197,112.75400000000005
134.83289811934316,132.29400000000004
170.6204021963267,155.43400000000003
179.54914493864555,205.51999999999998
198.983888092371,196.76999999999995
187.63167673826757,213.28799999999998
199.69062840440222,211.54899999999995
191.43415530682034,210.09700000000004
186.5169187109168,210.57500000000002
186.33146730334062,206.39000000000004
196.4821004024917,213.231
191.42985151493912,222.45500000000004
212.70259252827333,236.53600000000003
229.46727894078805,262.861
238.11922947981674,276.81500000000005
223.36048790661283,261.00199999999995
206.84139296492128,241.491
183.33000763769638,197.70299999999992
150.7431566663329,157.411
118.80184077772702,137.17399999999995
100.88145473340703,116.52199999999995
102.99829790546335,107.99400000000001
97.67638848254153,103.13600000000002
107.12008730358377,108.238
126.25386281447362,129.24
155.29401301870774,151.449
189.4542704565606,177.95000000000002
164.69639999942177,154.541
139.3122295801763,145.38100000000006
132.8949424868497,156.51299999999998
142.6444482405102,153.61900000000003
159.35703212154593,153.16199999999995
157.0662304762414,159.935
147.05765734487386,160.53599999999997
177.38287017931134,171.83300000000003
175.30595986140978,183.02000000000004
211.99334677467712,227.57899999999995
238.47343487018935,275.562
264.4564962273345,279.23
248.24800964370212,270.686
227.2888576555783,243.16400000000004
187.9530151679043,201.135
158.41311462275706,169.471
130.10065042778052,133.232
109.47754312081705,115.62199999999999
106.28770359186709,112.965
101.01173006502287,110.537
107.05792833766824,112.90299999999999
127.58915963746651,146.11200000000002
151.57039258588094,160.093
180.96546204551336,190.928
158.14123527176298,157.65800000000007
143.513495811643,148.882
147.75259633265847,150.438
148.48372292838366,137.95900000000003
153.20441203101086,152.47000000000003
157.48899460993013,154.696
154.75217411019213,155.65199999999996
170.05946766987003,164.80800000000002
178.20055516424384,180.51400000000007
219.35516467165291,215.00699999999998
259.23911986540935,245.2000000000001
270.1401619831508,245.91500000000002
259.8862060489383,241.22400000000005
234.8800120757411,233.76599999999996
194.46857886508084,199.92400000000004
164.41881471510243,163.25300000000004
130.75208837305883,122.78100000000002
113.05544084864329,115.942
110.37381046976311,108.1
107.94093384034478,112.05200000000002
111.02828213022521,120.45600000000002
139.79603747539733,143.52700000000004
156.515360835735,163.67299999999994
187.2556841807579,190.53200000000004
156.97304710697657,164.123
147.0041573238084,153.97000000000006
149.0569638303112,150.67099999999994
140.18587354221086,161.06900000000007
152.57751611688784,161.41199999999998
155.15803643369293,158.363
155.15042920022722,151.876
165.8998637527829,159.08800000000002
180.13499352937066,186.5670000000001
215.61971832701948,195.68200000000002
248.39134022365317,236.48599999999988
251.66695054615357,269.722
246.4309002474369,255.96800000000002
234.54936283285093,238.80900000000005
198.2999048257774,193.16799999999995
162.6972856874792,160.89800000000002
123.90148774666007,131.011
114.01947890752551,119.59400000000001
110.61447869269793,111.73699999999997
112.02423085306569,104.99599999999998
117.90762098233664,113.06599999999996
141.81933446688606,130.169
160.7794610030732,151.62900000000002
188.45112551846393,187.9410000000001
161.58849647386538,157.949
151.68584500025213,163.37399999999997
149.78483107860404,159.48300000000003
153.84014495417736,162.957
157.859718446442,162.391
156.54348408052965,171.37100000000004
152.27405454793887,163.70100000000002
160.25638826495117,180.686
183.22846905349354,211.25300000000004
200.059200682976,235.79800000000003
239.93191866830531,248.0999999999999
264.6339811129657,246.83799999999997
252.19703210353748,247.24700000000004
236.4752242072473,217.12
193.6952503735848,198.48500000000007
160.3809397909845,166.484
128.25594061875896,143.11800000000002
117.5000881215941,122.49799999999999
112.78052990279616,108.74099999999999
107.79847246022143,103.72400000000002
114.52205843149527,103.24600000000001
133.24724192788187,111.46
154.7541916431075,117.63000000000002
189.25784699152825,147.546
159.39252083479903,165.40800000000002
160.0978792082895,185.75600000000003
155.96782031037708,189.741
159.24623874021614,194.09799999999993
159.329297101784,187.34800000000007
165.40065390599142,176.48099999999997
159.16255783224392,164.6430000000001
173.83191820013354,150.91500000000002
200.55806706341548,169.319
222.46671337611656,171.801
242.5704259453973,219.89099999999996
251.43522050540463,222.782
249.64197339436333,204.098
222.7080182866499,191.145
197.68350450616384,173.17599999999993
164.89675396319313,148.329
136.59925329943422,128.81099999999995
119.67303021629513,100.882
98.30824735691226,92.17800000000003
97.64827964957479,92.64700000000002
103.8607509601242,91.991
107.86480644432487,97.89000000000001
129.26065359720997,102.686
158.19388891705023,143.28099999999998
194.07352423119414,180.10199999999998
196.04384822666324,177.238
202.57635339578536,181.59199999999998
204.57379594817087,169.33000000000004
200.8482287123183,162.55999999999995
199.55276580451655,170.23600000000005
196.0400407009758,161.579
203.8635296914632,161.26899999999998
208.34992156366891,167.144
224.86556027633958,182.99300000000005
246.94820569883603,187.88600000000002
258.1927795017739,197.10900000000004
242.45955289286937,195.37499999999994
223.9678339520984,185.51899999999998
188.43250268096756,155.494
152.5047580152363,138.081
132.3060632689818,117.59200000000008
107.96443888486525,104.553
96.38656217970316,95.795
96.45951440292535,88.73599999999996
97.18050632486052,86.58400000000003
103.11224799898443,98.88100000000003
112.03475415507258,105.25400000000002
152.54497236057472,141.66799999999992
188.1423689705054,157.609
185.79585997836776,210.80500000000006
189.81061875589808,188.81799999999998
181.69274405263553,178.98899999999992
176.52358936153553,170.43500000000003
181.8789993532681,150.745
174.81158503921972,145.082
176.53008645785548,145.78699999999992
183.18159925416822,153.92900000000003
199.33018932402518,168.81699999999995
209.02762811800415,203.76
221.30018911350305,207.20200000000006
218.6256855967171,209.55100000000007
205.7307475709074,179.75499999999994
172.2820935137414,165.04199999999994
146.47164961798103,130.373
130.43948282412293,109.13300000000001
116.88006032147231,100.61900000000003
98.56145543108039,89.477
97.50739484586428,91.40200000000002
103.62697453367294,90.35799999999999
117.07778296829835,95.35200000000002
130.28266482514968,102.833
164.20098218458057,136.85599999999994
163.8618506127405,159.961
175.19549020497786,190.291
175.76390332578188,188.61799999999994
179.58883369813157,195.82699999999994
174.27016788413727,175.817
168.32080994801032,175.415
159.63948398374396,155.901
156.49175604927626,169.26600000000002
178.67222403045537,188.83799999999997
189.4316756981696,208.75800000000004
229.39808422652163,235.12599999999998
233.94172640993395,241.64099999999996
220.94554361621113,215.57000000000005
202.87832367202824,213.14200000000002
183.05137274585445,170.572
155.42686608873424,129.266
126.60495720187616,113.15500000000003
110.6006151319853,99.59699999999998
91.96657658549205,95.30600000000001
93.38854546607871,88.49899999999997
94.1552419016682,97.05799999999999
102.04505603984275,123.96100000000003
110.09015387132446,153.43900000000002
144.80839067335154,168.404
162.2484301669921,142.079
185.20244196070684,142.10199999999998
182.6890458912008,128.60800000000003
188.88271267378002,141.397
173.01256916397858,152.041
171.54746263377396,148.551
156.5970624221776,137.03499999999997
166.51029777063226,142.524
186.1544243657965,145.37300000000002
203.22951510437878,191.514
234.69832654641675,229.781
240.45892285682748,238.46599999999995
218.62847532997947,239.16600000000005
212.96599386885342,199.67000000000002
176.4245345824989,168.815
139.45288656961432,138.52800000000002
119.53967039837082,112.187
103.9109997999052,98.78000000000002
94.10100524194864,93.26700000000002
91.02073279961218,91.03500000000003
97.79932875301392,103.824
120.16790301642968,131.3599999999999
142.5206959653966,145.79000000000002
162.68038819764777,183.57399999999996
150.54465169804354,156.79700000000003
156.71948476652875,141.57800000000003
146.87745588276962,155.43599999999998
158.09071833911915,146.31500000000005
160.62632821055558,147.57899999999995
157.62088324320592,137.80100000000002
145.0057398888166,134.539
151.74455141818083,139.45500000000007
158.6897164923916,151.84299999999996
197.7828516961353,200.75299999999993
233.1105173182665,252.497
240.302854219758,248.8640000000001
234.73820009202433,245.94400000000002
204.12204017747393,211.68399999999997
171.99067348666085,165.22199999999998
140.17507354613565,132.69000000000005
114.88241022746982,106.55299999999998
101.05290070403234,89.80400000000003
89.65935591961329,88.31300000000002
88.36400262254764,85.506
101.08675337249674,92.73599999999999
127.40655488320854,119.87300000000002
143.878633761308,145.29
177.37083664830283,176.81399999999996
154.21326819894017,163.11399999999998
145.22404843812166,143.4339999999999
154.18805350924004,138.28599999999997
149.97196061679216,148.36700000000002
151.33281681332107,139.635
143.31096264880787,139.848
138.45354533607994,134.70899999999995
143.74703659762304,136.40599999999998
155.1818684459784,166.98100000000002
201.57416378890724,210.97700000000003
247.88406355387005,229.56099999999995
246.59218134343783,263.75299999999993
243.0418307634646,244.192
209.53536838495265,201.937
166.80113178790998,164.68299999999994
134.65840195964648,138.78000000000003
108.79427734988187,99.61499999999998
93.56976691765588,85.95200000000003
86.84397884168703,88.489
86.45615744806504,82.461
95.48450698134403,98.0
122.39378921296003,116.47300000000003
145.5969821736214,147.15500000000003
177.72890132816923,173.676
159.626764192863,166.06900000000002
144.23235096929457,150.23799999999997
143.92342371304787,148.17100000000002
150.6341165505956,133.31599999999997
144.2504564494472,146.55200000000005
142.39921758031994,139.60999999999999
136.52712250291665,129.22499999999997
138.97661731548206,140.404
165.15171856822417,147.94899999999993
208.27607636921277,177.04199999999997
234.77515437498533,222.01499999999996
257.3990144326301,229.1409999999999
241.71029691164358,212.659
203.628722678688,190.63099999999997
165.7951815100762,175.49099999999999
138.3623824404794,144.659
121.36633143038713,117.029
106.78362899888822,100.12800000000004
92.15392979748748,92.28999999999999
88.3965404946347,84.97399999999999
87.85164647601216,86.47800000000002
99.64187143328039,99.803
106.76791230499384,120.76500000000003
144.80641553309655,148.11200000000005
167.31980037001924,168.38399999999996
202.69945130597557,183.076
188.37680440681106,189.41199999999998
179.60786461601873,180.03799999999995
172.7937879702842,181.64
160.25348867416477,170.51699999999997
155.07033303221732,148.7150000000001
155.70363848921153,163.733
163.70910229347493,187.209
178.30396644062233,215.51500000000004
208.30114859604163,236.382
214.961675166083,229.54000000000002
215.88349449239703,208.065
189.55172981588558,175.14400000000003
169.9813666465859,163.69999999999993
137.39412017384302,145.40699999999998
116.6161858682233,123.543
101.77121234792378,105.32100000000003
96.68621794247963,99.219
88.38307313634652,90.91600000000003
89.3137112109111,89.58899999999998
101.85275659421112,87.126
119.52673445147143,102.78
149.0499139557445,134.72299999999998
169.24183692557432,189.50200000000007
190.88009004651877,202.005
191.1956241844292,206.56300000000002
181.12280059953042,186.796
181.0555501777786,176.20699999999994
168.8420967870107,170.999
151.7886925952185,181.66399999999996
164.19483812606805,183.64999999999998
183.2421115338077,178.47100000000006
206.20284488544996,199.77700000000004
227.4406608877116,255.54700000000003
225.343484151734,279.22400000000005
211.98698211145123,253.25400000000002
181.53633038387252,227.315
167.84471341081286,198.599
143.88981063351906,155.99100000000004
105.15932513397541,126.99199999999999
89.35214126125499,98.192
94.36753577767578,84.94200000000001
88.2505762677095,87.784
100.19706667430472,88.40100000000004
119.39155790470872,98.31600000000005
148.28814064593834,129.72100000000003
175.13858835477214,162.935
163.7986619910761,172.803
148.60437557606545,170.68700000000004
147.26058344512558,148.91200000000006
138.36645456890164,153.152
146.99816509376848,141.21700000000004
141.65096933665595,147.62899999999996
131.70595986835616,137.12300000000005
141.54821427054938,136.103
153.64335684763722,146.63000000000002
186.5379088387934,166.473
227.01175865408914,238.96499999999997
238.8468578341654,262.14899999999994
222.00608067980264,247.24200000000002
195.62869438195577,227.103
173.67766976694924,201.80500000000006
143.28633048293128,172.52800000000002
116.44389026495344,129.555
93.87318882363886,106.456
90.7625351167335,98.63399999999994
88.9678405688363,88.03899999999999
92.66945857606845,83.46599999999998
105.66952792508704,91.53299999999999
135.98388846710685,128.641
167.95104560680937,176.81
170.69777083903665,199.66899999999998
163.7476500147223,149.20200000000006
147.45610032162972,144.23899999999995
148.8412014949107,149.15500000000003
142.89073956910642,135.43599999999998
145.96771843500028,145.003
135.81054775634064,140.31
137.56188244379405,129.963
148.82763975467537,137.45100000000002
172.25863403882073,164.13100000000003
236.29203332748983,225.60899999999995
254.4954967293993,255.3219999999999
238.7515323803289,237.71
215.98733412044325,218.93700000000004
190.68308572641985,194.406
160.5181782120764,161.99199999999996
123.04580276653141,129.86
101.52148128241072,110.03799999999998
96.93105694635554,94.256
88.0621883881502,89.714
85.81467324539963,85.20300000000003
94.98074241611525,107.28999999999999
130.68365268721982,140.26699999999994
174.7230881148423,175.49999999999994
190.15347830034065,176.414
152.19875700789214,164.962
145.14517585873637,139.25
149.3815142583432,141.21700000000004
137.73231108214623,139.33300000000003
145.85008926255034,147.39300000000003
139.23078329406673,141.13800000000003
131.87732185410496,139.66600000000005
140.267768966812,146.79299999999998
166.6881100090909,174.36799999999997
228.83324434450594,222.38000000000005
255.15945424018952,248.62699999999992
238.49264418214773,246.62300000000002
218.1257590475525,254.3750000000001
192.9543766153481,203.69999999999996
160.92004242211604,149.13799999999998
127.89130517333558,126.62199999999999
107.38341653785426,100.11999999999998
93.02978159702322,93.187
88.42467354090905,93.52700000000002
85.52864216503639,90.04700000000001
104.80312628935528,105.44200000000005
137.82407169522526,135.86200000000002
174.8226666582845,154.62899999999996
181.05646469925205,171.544
160.68537204543196,154.09499999999997
141.1341712195607,138.17900000000003
143.6050713582817,145.88900000000007
139.28288756102796,141.416
146.86205377930727,143.08400000000003
140.49486343228168,141.12100000000004
137.36481520549856,138.964
144.9121643138826,142.40800000000007
172.44294174766054,161.213
224.28207143070887,217.35499999999996
251.00582485069015,218.007
244.51986598399589,221.17399999999992
242.57758139578237,229.63499999999993
197.7332671314561,187.999
150.80093983765903,160.67199999999997
126.42408445777502,132.54700000000003
101.7055385777407,105.19800000000004
95.68052992686285,95.51800000000003
93.11797776248267,88.59900000000002
89.21319784924879,90.31900000000005
105.19653684697121,95.52999999999997
136.06940543355108,135.103
161.74468602250982,166.836
175.71023739297198,180.56900000000002
156.9047493724296,168.06399999999996
140.03158927383973,152.61700000000005
145.83828094729023,138.856
141.23271210068117,146.40399999999994
143.91306644558406,150.27999999999997
140.74081562944048,139.18300000000002
138.14435544009373,136.36900000000003
142.24418430501984,134.42100000000005
164.0818416057669,159.02699999999993
219.72588759799504,219.59400000000005
227.81248066576063,253.10599999999994
229.06442690875588,219.99400000000009
233.98940380564278,219.0210000000001
191.27897844873797,194.98700000000008
158.50156015639647,151.12900000000002
128.52410863788296,144.962
107.67051177524394,113.12900000000002
105.98121706950022,105.228
96.28103064574704,91.92899999999997
94.16522119657392,88.17400000000004
95.03002431139785,95.24800000000002
111.45345090540891,109.15699999999998
142.73412851292684,138.32400000000004
184.76891740206236,167.82099999999997
197.35269781916003,188.51800000000006
200.37719726394494,193.533
184.67294389927025,177.77399999999994
177.13940406254358,183.96900000000005
170.7168175552301,166.064
173.18066335194413,179.57800000000003
177.21059846546308,161.12599999999995
178.70429466217297,166.69899999999996
201.1902338420557,178.62400000000002
245.87693754634017,211.462
257.78231187381243,227.20400000000004
233.32160950381615,217.489
206.46778493785592,199.53500000000003
183.13266745559764,179.5940000000001
148.03193254770358,159.547
135.73781706220933,141.31700000000004
108.36255986162507,128.436
118.24010284428572,114.44299999999998
100.57440846518759,100.74700000000003
94.21801409772098,91.62199999999999
98.27604805097096,96.59100000000007
112.05591924510767,109.01199999999999
141.22819269905762,135.83299999999997
173.2913606512626,166.76199999999994
192.0506366378857,187.91799999999998
195.06135048105014,191.88600000000002
179.86283700692917,189.69000000000005
182.19352803702964,198.74099999999993
167.2693671090475,187.74899999999994
177.3999351168576,169.3249999999999
164.96442066894363,163.66400000000004
170.4406843624124,172.558
185.817640501234,210.14000000000004
222.01435890940147,256.14200000000005
238.46821712253836,244.58899999999997
225.43471767536073,246.16600000000005
204.65942611503846,229.31400000000002
182.11436895500097,183.62100000000004
156.63541986880114,156.53000000000006
129.6926766211203,132.24099999999999
103.46293323108219,111.15400000000001
97.41983668780742,97.78500000000003
90.9770089618561,98.30199999999996
90.3088309158872,89.998
98.47640716842685,107.918
136.11394537500948,129.665
165.83609184908715,152.66899999999995
179.29236612985972,161.38899999999998
163.14349303086448,164.163
147.600178326552,148.07
140.58343614549776,135.267
144.37752939686806,141.958
147.7817568934988,150.36699999999996
139.00499974753785,155.78000000000003
136.69616152125326,155.16499999999996
137.02114531339373,166.173
161.22082049486642,186.92800000000003
220.35405219802036,242.447
246.42829293344073,257.877
224.166435486026,238.46700000000004
224.58718506068303,238.3119999999999
194.98229164988723,204.572
153.73147056762573,169.35299999999995
129.80000515744823,141.58000000000004
107.90149625802566,111.62600000000006
96.82861747247117,96.993
96.14536076739047,97.936
89.46138705473851,92.52699999999999
105.16214399603197,105.00200000000004
132.43357081226958,132.94600000000003
157.4131723097256,149.983
166.48476570397952,171.205
163.38216044412923,172.17000000000002
147.59183167371907,171.29299999999995
137.26347658210966,145.27000000000004
142.4270981030321,145.983
149.55150237191017,147.74099999999999
149.86659867715574,154.48900000000003
148.2684776059413,142.44799999999998
156.46604730531573,153.73799999999994
177.88731317792323,184.336
234.32677983991545,218.01499999999993
252.8136883978775,251.47899999999993
232.76165799922438,243.85299999999998
233.20972732248748,232.60200000000012
200.34433344018282,212.95000000000005
163.5230321578346,178.14299999999992
137.04557298810238,132.30100000000004
109.8350073656696,112.49400000000003
97.63596859381443,94.584
97.54884700654965,92.28300000000002
91.67331950456993,87.90100000000004
104.9394912474437,97.44999999999997
132.53246316463353,130.98700000000002
151.99405546604908,169.85299999999995
170.44651327882633,175.92300000000006
169.36377372400904,169.56099999999998
162.8901375429188,171.01200000000003
141.8951905140579,153.55200000000002
144.39548215898552,154.14
148.21806907603505,161.68699999999998
153.2860443017525,165.10400000000004
143.9249618713169,152.22499999999997
154.13352958549717,155.13499999999996
182.5215700170349,173.81100000000004
224.1416596844491,219.245
252.88774046519765,244.031
240.8675748975436,224.14000000000001
232.03311228834258,211.41599999999988
208.26886379145827,191.33199999999997
172.45830565752905,169.43900000000002
132.39655251054887,132.5
111.28135824110348,110.25399999999999
94.94982236181929,98.32899999999998
93.5158198964081,86.53400000000002
88.92490895433218,88.34000000000003
99.33858946855226,100.25399999999999
131.94028958773646,126.41199999999998
165.15053770614688,150.226
174.03326622414244,181.003
168.7549119193675,161.55900000000003
167.90183703235698,141.83200000000005
149.67832614232725,143.89800000000002
150.80448798233604,156.35500000000002
156.59716619671246,144.53800000000007
160.86652065586517,156.83099999999996
148.8550764033517,145.745
153.88658150550145,146.26999999999998
175.09550043676933,166.95099999999988
220.7123418956965,215.50099999999998
246.11070999189053,244.75199999999995
228.97388427851948,228.606
217.34918160309806,241.67899999999995
196.7627486655401,212.16200000000003
170.97682037634488,171.16599999999997
132.76094343532452,139.748
110.70373968742442,117.27400000000002
99.90239314513039,96.38999999999999
89.65106920207657,87.51000000000002
89.34632024891745,93.28799999999995
100.79658285006764,97.11900000000006
128.40054900102365,126.904
156.1635649890144,154.57899999999998
179.85294552250556,180.56499999999994
163.97826955820466,164.414
150.85121575018587,155.084
146.7909509829213,154.623
155.12090702501382,166.8209999999999
148.3684418850258,161.30199999999996
158.07433343695027,151.127
145.99582218226772,165.61399999999998
148.48035224912775,145.071
169.69093754382322,170.954
217.96866534266414,231.30099999999985
246.04948502099413,259.96900000000005
229.23975315038368,223.71399999999994
234.18312065765622,205.76300000000003
206.38737744369809,195.58800000000002
169.64650080600654,170.90600000000006
146.22088366164604,153.096
124.73570461338883,127.499
113.69158816902612,104.364
100.6694457386514,102.13299999999998
91.76659268535994,95.465
96.93287022284422,100.76899999999999
109.94266538406471,108.93000000000004
137.62980605165524,125.74200000000005
169.290226448282,168.45600000000002
189.44114680203825,188.36900000000003
193.22740807695646,200.23099999999997
186.83002947537852,210.42400000000006
192.98461765343643,224.63800000000003
180.14157753258615,225.8820000000001
169.74827181396319,188.693
163.92713167652573,196.39599999999996
171.84324739919455,194.29800000000006
203.37704410964858,217.4780000000001
244.61771614543824,237.85499999999996
240.32570949656912,254.37400000000002
237.0220293357326,235.0180000000001
218.2507202606038,200.46999999999997
181.33455785287504,192.95000000000005
155.26139556924528,160.269
140.99897527729294,158.16900000000004
120.4374885605302,126.148
104.9233531173391,108.78299999999999
100.69748047726989,98.937
93.39818950400218,92.41300000000001
98.97840832772161,90.58900000000006
109.0485361792635,104.31299999999999
131.3886095832333,130.85200000000003
171.10842849711065,150.12
189.78484311164667,193.049
199.19726468783205,216.46699999999987
203.8340667064374,220.41500000000002
214.56458483533794,203.0270000000001
211.4598755057898,196.452
180.887953345227,182.301
185.2960971296293,188.21400000000006
185.18078156532,198.445
211.07614579671008,220.32499999999996
236.286054082057,266.947
249.29163192209148,289.8040000000001
233.66209333482368,278.25700000000006
203.46881220748452,265.4399999999999
188.7061137568971,232.86099999999993
157.68611652360923,174.34100000000007
132.1824459408275,144.86599999999999
112.33389251749267,119.019
97.78022628841347,99.30600000000004
88.42982266190108,92.09899999999996
92.33166315676269,101.38700000000006
98.3578965057618,104.18400000000001
127.90374669267482,124.42400000000004
155.4480528253445,155.49400000000006
179.93133554532574,192.73199999999997
164.17668953724876,173.961
154.12249459193745,163.315
152.02599073584435,155.01100000000002
162.54987266382463,154.51600000000005
156.51997066956142,153.18300000000005
152.78638941494654,147.42099999999996
159.55715456598483,148.46800000000007
146.17083988949895,145.76100000000002
171.09386588979982,172.79899999999998
227.12192686123228,234.9770000000001
254.98409699960936,267.778
224.40108093951702,259.74899999999997
214.40100667018703,237.53199999999993
199.8323281317583,214.95500000000007
171.3771036154895,177.53200000000004
141.01898473349536,143.73000000000002
116.63420897802209,113.963
96.98534881317269,99.73100000000002
90.33088357873822,90.224
98.06602933720865,95.42600000000004
101.55819260161581,102.34199999999998
125.60795110769018,132.985
155.5830901709192,152.18400000000003
188.46364222074163,187.77899999999997
170.10592216477727,164.426
160.58272413809783,154.734
152.91152023668175,144.378
155.96771419382588,161.61200000000002
153.0683625546738,150.40500000000003
149.3849617215763,149.98800000000006
151.80475475864975,145.524
145.96033717072146,150.23300000000003
172.43240756947432,172.59099999999995
232.48395456478548,239.53399999999993
262.44881772055777,263.0390000000001
246.56868917031147,254.90299999999996
228.25856185739983,236.16500000000002
208.11670185633608,233.66199999999998
173.78021810803142,178.87
141.44226111096475,140.574
113.8591657133326,112.531
98.15896978937239,101.67499999999998
89.89180068308744,92.358
95.74081768563225,97.325
101.94172217350851,108.83700000000005
130.56093738129456,141.39700000000002
152.7339258576862,153.169
187.84251027917009,193.52200000000005
165.78462471894852,170.48000000000002
156.13699539883532,154.99200000000002
146.37607117480084,152.50900000000001
159.44185644083478,147.71700000000004
151.0790815095924,157.97000000000003
149.6963552961759,167.66000000000003
146.37213336036575,142.61
149.25049832540162,145.726
172.4142956316514,181.336
237.065182611793,236.83899999999994
262.62698013917,244.038
252.4474526428936,234.98899999999998
233.63975606649865,218.36799999999994
225.73019739506668,202.39499999999995
176.43036607133394,170.04500000000002
140.04114083100052,143.32800000000003
112.65928460321773,121.702
103.04439210742312,108.12400000000005
92.0390816129133,95.095
97.14146544196691,92.49999999999997
106.79928986377472,102.69899999999998
137.4001920007525,115.03000000000003
152.60380128241695,130.69800000000004
191.6251532402684,161.87900000000002
168.33902636195873,201.56400000000014
155.85485644764563,233.5170000000001
150.4454536762961,213.09299999999996
151.45378717199304,210.89000000000004
156.3372443326562,197.49099999999999
162.29858665532316,184.99199999999996
143.73898655770353,164.334
146.60026707340677,182.493
178.60294908100508,204.74200000000002
236.1354444741101,239.18100000000004
249.39063428523576,250.98299999999995
240.32885770320235,254.87
222.9387572649955,262.68299999999994
209.39582929742863,212.541
171.78503232697037,180.348
141.9198814619822,142.59199999999993
118.45307037223506,115.34400000000005
104.16773272367605,104.19200000000002
93.38019686036041,96.13300000000002
94.07568867683727,92.90899999999999
104.13922634719705,106.80700000000002
122.59384954543151,136.93100000000004
138.49591216183836,159.485
170.35962600065014,190.763
189.59719454934884,165.017
203.55304972532807,179.696
187.29572636411535,162.28399999999996
185.8312236567038,153.30700000000007
179.82109769206113,144.38800000000003
174.32065650101435,156.972
155.3485904839303,152.33499999999998
169.2066579312447,164.781
194.09495964048023,193.92600000000002
237.14986335674996,238.62500000000009
250.41222480844232,257.7710000000001
251.03638361758658,257.21799999999996
250.0365650352834,218.589
210.17175230919258,193.83300000000008
176.99769623550492,175.29500000000002
163.19623283746847,143.95100000000002
129.08866651788145,121.58099999999996
104.02522062860376,112.68800000000005
95.85208632189233,101.17699999999996
90.73432379409735,102.358
92.274190706785,106.53299999999999
105.73593933682162,119.69
131.13828722016234,129.48200000000003
158.01845771010272,164.60299999999992
193.25605669782533,170.03000000000003
210.21920908208295,182.43799999999993
214.8022998735472,198.30400000000003
204.1450345580579,194.64600000000002
198.8759389529186,203.26600000000008
180.4910464533749,157.45999999999998
185.94396242242544,166.74399999999991
193.5355874641222,181.0700000000001
216.96156078146225,199.4020000000001
256.80419043311326,230.58999999999995
275.41447073838384,242.91700000000003
260.70390709318156,235.444
240.78378952800074,215.01699999999994
213.12540006791815,202.94100000000003
165.52433479755217,166.666
142.6105875753321,131.67000000000002
119.87897873367055,113.38300000000001
105.13289341965864,108.43799999999999
96.222114393759,94.273
96.68984646429178,86.362
100.00014988584294,96.23600000000003
112.76717068734364,111.72500000000004
128.65231577400164,142.276
162.31787622773726,145.94500000000005
178.58217143644117,171.80000000000004
193.42392341938162,210.348
205.29285273683678,208.37800000000004
199.49992098315423,205.62100000000004
203.40882239203953,187.04700000000003
164.84950243099823,185.22099999999995
172.24830925061582,174.88099999999997
186.8830103646692,192.44099999999995
204.12487144513568,224.68800000000005
237.72900551375523,280.808
252.35089492973907,272.43100000000004
244.10594871913847,261.593
223.93087030898874,242.46599999999995
207.64989096207614,214.07899999999998
166.75992636437402,179.454
137.60992662922013,144.122
115.0053144892868,110.33799999999997
102.7954364799916,103.45000000000002
94.32945803273769,96.059
93.22713564817255,100.56199999999998
105.80857965636135,112.346
132.1275739658062,137.59699999999998
152.50748032053355,178.94299999999998
183.98132264078643,197.20499999999998
174.08421203037068,178.3660000000001
188.6291588911134,181.50200000000007
170.59101442996499,165.57
164.17688368542505,163.80199999999996
156.23282787947068,161.32899999999998
163.34258062350898,148.40800000000002
153.93566681238178,135.399
166.04564093010893,158.02100000000002
193.4764086450611,190.97799999999995
238.19717735679058,236.57100000000003
255.48529712652504,253.46799999999996
254.93368854211172,249.01699999999994
228.56766562319444,232.071
199.59479505398156,222.008
176.20447589937564,174.186
141.84840068159755,146.971
111.98924707432332,105.52500000000002
101.26154565758723,99.84700000000004
95.00629150903737,93.73000000000002
97.64436593393253,91.43100000000001
109.18571674933787,109.53300000000002
134.9634901653462,136.65099999999998
169.37487240310261,172.53099999999995
191.31116380831793,182.30199999999996
176.0519586262168,171.15800000000007
181.97602863384884,144.812
166.34030384521353,142.04599999999996
163.58153696169066,145.78600000000006
160.01608679362727,159.32100000000003
153.11782598086035,151.452
141.98209055368952,139.923
160.20801904170028,152.42399999999998
191.68729499879544,183.65700000000004
236.242499170994,229.738
253.9270736894348,257.33500000000004
250.48584014074737,257.1769999999999
231.66129275779636,244.487
215.79892806163332,221.8839999999999
173.99405458311605,171.40599999999998
144.94289143768452,133.43200000000002
107.33950422234945,115.35300000000001
104.27079102635459,105.45099999999994
95.23756629194756,93.16799999999999
93.66514778696717,96.91799999999998
109.76723768031093,110.41100000000006
136.42170606217968,145.04699999999997
171.87406403019668,169.75599999999997
184.71590598019628,182.694
172.6419179589413,150.077
155.19266893714888,147.988
149.98208145587466,145.48800000000003
152.00995322469748,134.986
161.15387229649394,141.222
152.67185466710862,146.61199999999997
141.29208051176067,151.46400000000003
155.13847007430067,151.51399999999995
186.3873888546362,188.97700000000003
232.32813920639086,236.46100000000007
256.8066901348416,248.01500000000004
255.52127643806585,238.41799999999995
240.5191554895025,237.19100000000003
219.39366623254296,207.27399999999997
171.68124234394767,164.04000000000002
136.9470442922069,141.38599999999997
113.3251919950886,109.78699999999998
102.92722859274375,98.29700000000005
93.41623570506383,96.87800000000001
96.07776901333253,96.23599999999999
110.07490267513836,107.60500000000002
142.4433451932054,139.71500000000003
169.86214320463776,177.15300000000002
183.2705578471636,178.85000000000002
156.18564397912172,142.39400000000006
151.46094024558596,143.183
147.9376293474728,147.51099999999997
140.1283109594626,138.33999999999997
146.87739984760864,139.53399999999996
149.3956586329002,126.88700000000003
149.34921583427428,132.983
152.10694760192936,141.381
188.33564739559705,182.6079999999999
235.20080065981458,239.24799999999993
251.6717053708985,245.24799999999993
243.8400702142795,247.8230000000001
239.1897979825485,251.06399999999996
210.88743230441537,224.17100000000005
166.8943830126953,189.93499999999997
140.61015611435568,142.02700000000002
111.02791781381447,112.189
100.59716971516183,100.97
95.52379811649702,99.36200000000002
95.94467582678567,93.072
108.1376709626699,113.09600000000002
140.93590611896923,144.42900000000006
174.8197639074936,182.52800000000002
180.26550040773566,198.93600000000012
146.03344798218058,166.798
145.65258960453386,148.841
148.41659673765872,138.39
139.65754628267854,158.659
142.32239791683975,148.662
134.577540240461,144.334
139.52142260961932,126.47500000000001
145.87603245766252,151.75
185.1660208707907,188.781
238.03308192851125,233.3230000000001
247.49396742979764,250.01700000000005
247.11998109316247,249.59499999999994
247.4315355145133,239.52499999999998
219.75591553612995,202.26000000000002
182.01767233661008,178.37400000000002
142.64132735594382,146.98200000000003
118.65163167249099,121.89099999999999
114.18061312134503,99.69900000000004
99.91362796147115,92.37900000000002
93.01941335320518,94.209
99.8753971530839,100.581
113.52988609803802,109.53499999999997
138.7269017182291,121.66599999999997
151.97975837275223,166.325
174.46734700378477,190.36900000000003
203.865527642546,190.58199999999994
205.60201519844222,182.79200000000003
202.9987829720455,182.18600000000004
191.23529885306172,176.82899999999995
179.15312636617034,188.01
173.84581747675867,177.25999999999988
190.02569509528269,190.55499999999995
218.0704319995135,215.35199999999998
265.9665298963972,256.55
263.2704473969889,261.13899999999995
253.00049937987598,242.07399999999998
233.62417290680924,228.81900000000002
209.20627607573783,216.31599999999992
173.44673064709394,180.26200000000006
142.1125709781972,162.78799999999995
118.98038225441412,130.959
109.22923026730857,108.66899999999998
97.94797312159659,102.85100000000001
96.3259111914669,100.62900000000002
101.47058377410042,103.02799999999999
111.1871940699055,107.08
126.95706689665198,124.84200000000004
162.5037367409867,177.10299999999995
185.61811227644785,205.18199999999996
194.41453324481282,209.44299999999998
189.86190369420424,192.55399999999997
189.98838826822612,190.702
183.11450243119714,200.19799999999998
186.42958139039445,189.308
177.08596305930206,184.17000000000004
190.43198597975282,193.29
215.73392106640966,232.20699999999994
258.0778588104529,273.04200000000003
261.05102213801064,279.623
245.22255615770604,266.1240000000001
230.82326855723642,266.8059999999999
214.19420188577107,226.04
177.20225404840602,170.116
139.1382009990532,125.77400000000003
110.82232401719932,112.26700000000002
100.22828967615922,96.202
97.75256185174052,95.65599999999999
93.45710990082404,95.88900000000001
111.06346878227359,109.34900000000002
142.7056568341433,135.112
179.7669931619754,184.50499999999994
192.52864185934038,198.64500000000007
161.2819504896156,165.34299999999996
147.88228979800869,141.78999999999996
141.72231678750873,136.22900000000007
154.4754508786038,147.32100000000005
147.2498698697179,152.49900000000002
142.42007330216842,150.652
131.33072617481878,146.58799999999997
151.49670219563245,173.07499999999993
187.61917753760878,194.37199999999996
234.16849196160936,261.17799999999994
249.7308177836611,284.163
248.81108191398093,286.77900000000005
241.6631950868449,271.402
207.6547974950143,243.72600000000003
179.44095268933177,191.87899999999996
131.98125552052466,150.52599999999995
112.2823478093351,126.99300000000002
103.52119867789155,107.09100000000001
98.39118239148996,102.43799999999999
96.29011396670174,100.24199999999999
110.23549647172553,111.24099999999996
138.06157407564424,142.773
182.9355101490312,177.97000000000003
196.62739620072193,195.995
163.93577929227058,163.495
143.4281234335131,142.02300000000002
138.269121001984,136.676
149.72411743682164,143.81399999999996
151.36384011175312,136.93600000000004
148.02789256841453,137.42899999999997
141.55253317388025,135.341
164.9930228984378,152.33000000000004
190.73907793959125,197.517
249.61776283729097,251.47100000000006
269.63359991546406,267.66100000000006
270.86809912564195,267.01099999999997
258.44188790220267,263.581
228.428435759979,236.16600000000005
184.2208095921836,190.59499999999997
142.86437081337886,151.293
121.17878617833762,126.76099999999997
105.53165304786005,106.49899999999997
100.9707520767998,97.48200000000001
98.80485105442085,99.58900000000001
110.55659568327044,113.60799999999998
141.5304215326348,141.32900000000006
178.68908244743892,188.31900000000002
195.80833242486298,216.4140000000001
163.59560756700972,173.00400000000005
143.3388421370612,156.33100000000002
137.61256848018894,153.72200000000004
145.59892291147628,148.07099999999997
140.7505794969845,143.129
140.28769502836894,139.92200000000005
137.24948477855003,148.66199999999998
155.78764682281616,153.65900000000002
195.69680265680756,197.4539999999999
250.17959579265892,266.546
267.43549967954357,280.942
267.1484008870204,279.86299999999994
262.23764537879435,269.366
233.89844684722863,234.226
188.5798664109603,203.60900000000007
148.68420508179383,152.09300000000002
124.8382407765108,130.087
106.7709607434723,105.47600000000001
98.48998292016901,105.45900000000003
99.48899485251536,109.11500000000001
112.28841555919786,116.84699999999998
140.5472388235552,150.984
185.14458701832814,190.817
209.54774873863616,213.81799999999993
169.63301164013748,183.57700000000006
152.08113358585513,175.59799999999998
148.60910099424066,166.712
146.52554493602602,162.34199999999998
142.09187220370214,157.8280000000001
139.93277909445328,168.15799999999996
144.8897042312443,154.41000000000003
154.7821421345669,151.036
197.0507355506977,192.26599999999996
261.76717539011287,257.53499999999997
275.95759698661027,266.606
275.3903664167682,254.538
266.56678872372885,250.59299999999996
233.1663190237664,231.97999999999996
198.55714189001782,175.4580000000001
149.6873186079398,144.361
127.60759382629068,117.68699999999998
102.07520823349051,107.55600000000004
101.79845743146656,102.14700000000002
105.36495727684499,102.19399999999999
114.18097530594943,117.969
146.79763707388625,140.748
188.61822661661807,173.31099999999998
212.29339289520698,214.83399999999997
179.2487079291027,178.3319999999999
168.15978898498065,156.89600000000002
160.33241793065443,156.44199999999995
156.4114295345858,145.169
151.67813959597527,153.47099999999995
157.8748770593338,140.906
148.93007478787882,140.23800000000006
151.1771628118675,160.19799999999998
193.33148346546642,188.77399999999994
258.1782022292863,252.16700000000003
268.87899583474933,270.58700000000005
259.93181921720986,256.737
255.44815983806365,253.4059999999999
233.02418735794254,223.55700000000002
182.44977740611688,175.65600000000003
157.8807105755809,159.184
126.45029043912899,127.83400000000003
107.06970157965335,109.70500000000001
100.54951189560393,107.43099999999995
98.58965681479319,103.46500000000003
101.78997062185788,105.81700000000001
107.49097887426777,129.56500000000003
124.83057535346965,136.93699999999995
173.09813152163315,181.11600000000004
199.2702945103687,193.46399999999994
203.99787698506628,196.659
191.38299277454095,197.8619999999999
190.5966651642268,188.34899999999996
194.97281944631084,180.935
187.56630196138667,184.95299999999997
181.13847838761478,167.161
191.20067978379242,189.97900000000004
225.32838396588033,206.04300000000012
266.1414126457039,236.78299999999996
271.7959039544586,261.376
257.41739793074646,266.78900000000004
252.96178584136663,233.01099999999997
219.38276901818818,220.33599999999996
170.42162179536592,184.9509999999999
154.74784691692963,162.2750000000001
125.44238314480602,131.37599999999998
111.43617820631297,114.66199999999998
106.49710061209538,98.43599999999995
101.98200551233126,97.23700000000002
104.10918028871245,103.59600000000003
122.33825956639527,108.17600000000006
132.6391949093231,128.10999999999999
177.4265220391993,171.375
193.30493958142335,217.17699999999996
198.74445891500847,225.31
196.03494737072262,236.7000000000001
187.94331700741793,216.08700000000005
185.03487511159472,191.62499999999994
186.7368194436301,185.622
171.55775325697155,176.89000000000004
191.81023438301006,196.13100000000003
213.075081809603,206.728
247.36301260332488,257.978
267.9288744553106,285.00100000000003
265.6991785250554,273.8350000000001
238.82370799878237,249.709
219.53778972032472,231.312
180.05490912512656,182.903
145.55979696022297,143.33299999999997
120.83156803211352,124.48599999999999
109.8003352732201,97.26199999999997
103.20811169491515,97.66
103.294465625817,94.99899999999997
116.6221639508947,109.20999999999998
142.00422553709979,140.96800000000002
177.91779504220443,182.72399999999993
214.4784290711956,214.113
178.3750717405924,167.44300000000004
159.37520606451136,150.139
156.89623313104698,145.622
148.53493101460802,138.83300000000006
153.28644978552524,151.858
146.3682474839655,144.776
143.16231831610932,149.56400000000002
157.18996334347318,172.039
190.27713269538728,205.15299999999996
254.1920049166168,264.9479999999999
270.40025772158367,288.12199999999996
257.1706238475267,299.5709999999999
252.8348458372057,273.299
226.72155718866475,234.55799999999994
177.960861249478,177.17200000000005
142.605737591929,146.769
122.3784168030968,122.24199999999999
101.32771342241327,98.03899999999999
99.8179010583255,90.55699999999999
97.51777984346847,92.87499999999999
112.2877191845416,108.55900000000003
142.28097777732154,135.77299999999997
180.5490733899884,174.51800000000006
213.65488564851304,204.12099999999995
170.21609355772134,167.27199999999993
152.78460983757296,161.49200000000002
149.06647518473494,163.14699999999996
142.02280282900819,141.33200000000002
152.83326136812585,156.771
145.7403924434168,149.95700000000005
147.90130048661217,144.92699999999996
166.55815773220743,166.83199999999994
199.23535132236623,204.04699999999997
260.251699745819,247.79500000000002
282.48736900259655,295.43700000000007
285.3603028200423,268.87999999999994
264.8130828086321,270.798
230.09380321220965,249.07399999999996
177.17541211651155,185.20999999999998
145.68905039000788,147.543
122.50197063406871,127.59100000000002
101.03241564423607,108.60500000000002
94.11481763011957,107.12900000000002
94.72438722713966,109.17100000000002
110.14961587561922,116.58500000000001
137.9299494195849,158.77800000000002
177.13461331016578,206.055
207.2456336947052,215.45500000000007
168.45374606024012,183.38499999999993
159.63177564648856,165.59400000000002
158.79056640343555,152.19299999999998
141.30912163022614,148.68200000000007
154.96188699514556,162.45600000000002
148.12641719259125,158.868
144.99220870485033,141.956
165.88221686910563,144.89099999999996
201.27165790148888,199.029
251.31549719468597,266.2400000000001
290.6141462758095,290.32199999999995
271.9913918961885,288.17199999999997
268.38279092461937,277.2689999999999
242.301405536957,245.66700000000006
181.7035198304788,193.23499999999996
146.54446820272324,143.58800000000002
126.00177055182505,114.55000000000003
102.39863727146256,103.19700000000003
101.2805598242251,97.90299999999999
103.406350735319,100.16700000000002
113.05109597323833,111.821
151.14027522296914,141.59200000000004
196.1599578575954,191.027
211.55400360699457,220.861
178.69175955531045,180.90499999999997
163.16246095709403,157.75200000000004
153.38037406171867,145.663
146.54959361301923,153.79200000000003
159.69923974126974,160.77199999999996
155.95510984589362,156.983
142.5507862657772,142.77600000000007
150.90962749462014,148.489
200.58458175735936,212.411
262.7954844565064,288.693
289.99932748477863,269.54600000000005
283.74425811499805,257.7299999999999
274.0269857467424,280.134
243.53345084431942,240.92400000000004
189.59119292647588,198.82099999999997
144.513139887215,170.157
118.13732065614806,131.80700000000002
108.03388672342192,109.88499999999996
100.67972089873204,112.141
101.82907147530473,108.54900000000004
113.12379493091171,122.79599999999999
145.26909997015105,153.594
193.1763064407673,204.46899999999997
217.04291958880972,217.36499999999995
179.7450051219752,172.90700000000004
158.6850019788969,157.69300000000004
147.92601252478676,156.55800000000005
151.17547866362145,169.63799999999995
159.66213198144973,152.97499999999997
156.26579293742137,177.72500000000005
142.5945457657947,155.56100000000004
149.1134884991048,162.66399999999993
208.77527083091067,205.21499999999997
279.5138259256881,293.89200000000005
277.2597280584843,308.5640000000001
267.4320356626862,289.6300000000001
278.95231483507325,284.51
241.5530414483194,240.873
194.45583813675103,216.35499999999993
165.66723210766892,187.55399999999997
131.84481130307796,140.371
120.12568610270739,109.45400000000004
104.73779234646867,109.619
101.90325324554624,111.52299999999998
105.4645410997631,120.65699999999998
112.89661951386078,134.40800000000002
129.7646808359043,160.70899999999995
173.19580396386374,202.44300000000004
207.49577547545,197.55799999999996
213.59796834287664,196.34699999999998
220.25620166212957,198.29200000000003
203.95466039889885,190.36399999999998
188.42281232233722,194.74900000000002
184.7357761223996,219.473
175.18065434993719,199.749
193.95249864151123,213.04999999999995
208.23389616960804,256.976
255.0737152305122,297.96400000000006
278.94247607396056,295.38399999999996
269.2228457326563,292.49499999999995
244.24709813734728,266.476
226.4000610947548,250.57399999999998
181.0408479236118,216.87700000000007
162.32345139727096,169.38699999999994
130.01073803544472,145.30799999999996
113.37295388013266,126.08499999999998
108.02130438814437,113.44800000000001
106.82506275343913,117.00199999999997
113.8294726695488,115.85900000000001
125.37339360984276,118.00500000000002
148.0673076571776,149.47500000000002
190.32408168733582,182.12699999999995
199.78715184327322,218.68799999999987
202.02365069276726,250.53099999999995
204.91835115708886,242.56900000000002
195.60251748499564,239.08599999999996
193.78259691202567,208.5610000000001
207.7011427514874,197.83900000000006
189.72270288922255,213.425
203.95782939080271,238.2929999999999
238.801218420814,280.94800000000004
279.0732344930674,331.81499999999994
282.7690106899214,326.8650000000001
277.4964933888467,325.3330000000001
252.92621806027253,307.345
238.32113899813157,263.399
202.26864007713925,216.76
162.32290578087049,171.83799999999997
126.3656238180815,145.49800000000002
115.47620585074932,126.471
111.18426648320286,119.661
107.0009649899008,116.85300000000002
119.07279559963922,125.06000000000003
149.9079344616257,158.947
200.06291173020978,204.261
216.37487487649855,223.79400000000004
175.01949794860639,194.67700000000002
158.03750173751274,164.69399999999993
154.15508572728817,167.18699999999995
162.89562550848387,165.94399999999993
154.5816834263506,157.83300000000003
170.20379817791485,155.803
150.09383730318558,147.58900000000003
157.48085019127308,194.612
204.86632521249146,224.84300000000007
286.63810768598455,296.727
295.3884099483504,332.39699999999993
279.0622919388111,349.9140000000001
278.650727830631,312.3030000000001
238.74176817712564,290.837
208.24638755296849,219.80600000000004
167.26150019380145,166.1930000000001
138.65150906173426,136.27599999999995
116.76739527089381,119.66800000000003
113.81592765962617,110.351
111.35367134244899,118.294
120.6574423409054,126.12800000000001
154.00676075493993,166.72299999999996
200.298338915091,200.42799999999997
219.88562778371397,220.058
187.42638077851666,189.13999999999993
161.97882465775308,161.669
161.3527128785464,166.17400000000004
162.69873622548454,154.06699999999998
155.62240507184302,155.00099999999998
159.82614343439954,145.60699999999997
148.1902609516138,144.70099999999996
179.67871682674672,155.49399999999997
214.66225360335233,213.73899999999992
289.7865949086221,287.668
318.2933433638946,310.81000000000006
322.5959768448434,325.1390000000001
296.2951482638873,299.223
268.5985109826288,271.8330000000001
210.89804040087904,217.065
163.4287878914082,173.70700000000005
135.28583497605263,136.68399999999997
118.28774327265023,117.70600000000002
110.36810886239283,107.55100000000002
116.11434595339821,109.31300000000002
124.11501616514448,136.565
162.51673830100577,171.44799999999998
199.6312357236303,199.03200000000004
219.69904014281582,215.623
188.4013646243833,187.80000000000013
161.47894624582653,183.20200000000003
164.321068518561,155.498
155.56180416158452,155.929
155.33647451466788,154.50399999999996
149.65627663212604,164.31500000000008
146.0719436026033,169.62699999999995
162.3657831689208,193.0399999999999
214.47786373540723,254.11399999999998
288.93448516835247,328.13400000000007
312.44539712801304,360.845
323.81526113209486,359.1400000000001
297.4405302699327,334.2220000000001
269.56107776899296,304.8850000000001
214.81475129776481,239.50699999999998
170.05961045932702,188.31600000000003
135.37155338887754,152.541
126.13298803884297,134.61500000000004
111.47597351711254,124.557
112.86381128592306,128.28900000000004
132.5989087474975,139.81700000000004
167.50602093914023,166.81900000000002
198.3004600394907,220.077
216.60200969805084,245.147
187.7800022767173,209.012
175.31692650916065,190.012
158.61352343844288,186.69199999999998
156.80154962423666,182.0589999999999
155.548395472793,192.57000000000002
160.35559244981533,194.94900000000004
161.79662195345645,182.62800000000004
182.0691137449042,203.70300000000003
239.14532155088432,257.48900000000003
312.03649754157226,326.308
342.42687652787026,335.087
343.3550457122079,352.1160000000001
318.79569750057664,333.2009999999999
290.02655602384857,302.06499999999994
229.34942099166216,239.067
180.5504707060856,189.24799999999993
146.06400408058133,157.073
132.58028357674118,130.305
119.99442693464823,122.20100000000002
122.96577209234802,123.74500000000002
135.46956244516602,134.26199999999997
164.96603967975756,166.47499999999997
212.3155518525915,212.0120000000001
234.98065901504702,240.36799999999997
201.93478756362782,218.666
183.85996465060475,207.387
176.59905028365694,186.25399999999996
172.3046388743266,190.31399999999996
178.42943667871424,173.71099999999998
181.94067169388052,160.837
172.47605745002176,166.67999999999995
193.57226039726868,185.3569999999999
248.29321660534015,219.99799999999988
318.96418636443104,310.078
333.8178893127641,313.89300000000003
347.59332451787554,310.26200000000006
326.63119592693863,290.3259999999999
295.7049158097702,242.98099999999994
233.88246245605836,233.80099999999996
182.53903953115602,184.88800000000003
145.67452094098346,164.499
133.970608339724,134.13400000000001
117.67328005858718,125.14699999999999
117.20874344807348,116.77000000000001
116.10976190459982,126.705
119.88632016935297,146.38899999999995
147.68930656444218,178.125
183.58463013493673,222.31999999999994
211.71163509726995,220.37300000000005
230.75195559876332,226.75600000000006
225.89374511836593,225.13000000000005
219.67131913023837,220.99400000000006
198.92726930591255,235.344
196.91857389580096,200.42400000000004
202.00002525864733,194.7369999999999
221.84644780420825,195.341
261.4867606347633,245.94800000000004
306.52091852387923,305.86699999999996
304.7189636555554,295.33399999999995
301.03054938378125,294.91899999999987
279.73925249112165,262.01700000000005
246.41864429652995,242.5070000000001
206.952877696798,216.66499999999996
166.24805315005335,192.28700000000006
147.17164223492384,159.33899999999997
130.17917598558932,145.33900000000003
120.93969152781348,134.76599999999996
114.2953361469496,121.86499999999998
121.90894993442717,124.66200000000005
137.01196545647733,140.087
167.3858187577548,172.65299999999996
208.86953949499326,191.28199999999998
215.2848438813529,234.10800000000006
226.0910562909764,255.52900000000002
223.5191465451558,235.27400000000003
219.0592446274602,222.26100000000002
223.51579143778008,217.8529999999999
197.6998075119347,205.99900000000005
195.37360644314833,198.82899999999995
201.11511740128705,211.54800000000003
250.6038469574744,249.139
307.0127643503729,322.34400000000005
297.7088988503448,341.6449999999999
295.1125397773279,331.76699999999994
264.664089676995,315.10099999999994
243.27483772971652,291.24799999999993
212.7313129735627,223.196
175.63370770557117,174.78300000000007
147.36448489962785,139.62599999999998
123.01070899367078,127.01900000000002
117.93157180394954,114.11999999999998
120.92795787502067,118.38900000000001
132.76576540207623,138.55699999999996
165.6035863306666,164.60999999999996
211.2716962146643,205.57599999999996
238.270129703329,255.3490000000001
212.73567579500394,206.15199999999987
198.81764690991128,180.29399999999998
182.33227135256982,166.17199999999997
183.61269641197606,162.39299999999997
173.53097878033623,159.19
165.74213538688514,168.68100000000004
167.9591936094643,153.66100000000006
187.3186360657635,164.23699999999997
227.66136731795837,223.63900000000004
312.88264549454976,305.68600000000004
319.7427057074536,354.71299999999997
320.86073566417934,365.49100000000016
302.16933845343505,329.453
260.6664228796543,304.93900000000014
232.0285540177726,233.95600000000002
181.92175404248377,177.967
145.31958788259152,141.80000000000004
127.09899051560092,126.29400000000003
115.59521750251878,118.845
119.47005572054374,124.69400000000003
136.21564563657515,147.11000000000004
164.6745835628318,179.465
206.82777954608758,214.29200000000003
250.19232774053557,246.34200000000007
206.46910059645467,198.81399999999996
185.1063834623411,175.42000000000004
170.34745827229779,151.098
167.41959603729967,146.99100000000007
163.58678904426696,155.32499999999993
168.97416209264838,169.04199999999997
157.94988915958757,161.90499999999994
171.4594335704246,190.3219999999999
226.15087122597237,217.24599999999998
308.9985785550376,305.687
345.1744353705698,296.06500000000005
351.2607713159849,291.28000000000003
319.4241293356547,301.13800000000003
290.1844451834618,274.24399999999997
233.14179307583936,220.92999999999995
178.72211376662653,183.47199999999998
142.74754609337157,143.829
127.23283239374685,118.29900000000004
118.16845988840856,114.14199999999998
123.42886761814626,110.93800000000002
144.1512978251275,121.811
174.43186300214484,168.21499999999997
211.39763295789402,209.76099999999997
247.4730822390344,224.88799999999992
201.07552856111704,196.23399999999998
177.9916107720265,165.02000000000004
156.22724017152234,172.81099999999998
152.4626535456083,171.032
158.16641202248314,161.95199999999994
169.20893196313267,141.69800000000004
161.0041991172819,147.43699999999995
185.10801499226127,161.527
220.02254921051872,209.54999999999998
307.04584564938466,282.718
310.87529041957504,291.3239999999999
310.40700905543645,295.223
308.55815852535477,303.8520000000001
280.57058471469725,271.87899999999996
224.7574456605883,209.25400000000002
181.7720681768578,171.914
143.2230018539592,139.68900000000002
118.55571009541605,119.99199999999999
113.98949894569424,112.18800000000002
113.76154492290875,116.61699999999999
127.54842728349816,127.89599999999999
171.28291100417465,152.14800000000002
211.19556958846525,206.91699999999997
231.29082278005671,244.64799999999997
197.9310353179684,200.92700000000002
168.32874818830874,167.00900000000007
169.3148912785674,158.22499999999997
166.10985688370965,152.86100000000002
161.19007029756602,159.66999999999996
150.98964162724522,157.95299999999997
154.0641268648607,141.35599999999997
169.73766960739607,160.06500000000005
213.67590930923598,213.65999999999994
290.6316235979662,277.737
298.12841187624537,288.9239999999998
302.9912654236784,288.145
307.34514199008055,273.06600000000003
275.49785977394407,248.214
214.01031062125543,211.646
175.80703674265368,174.101
141.51377832985014,148.712
122.42059099788231,119.11600000000001
114.28181927821278,113.512
116.67655912350264,118.82
128.3067515998076,129.103
158.72951407451558,159.022
208.8317310493428,190.59000000000003
240.65929026457678,227.02299999999997
200.19033257784628,187.26900000000003
167.12627122138906,160.84199999999993
161.32657983550837,154.212
156.59983368183597,151.319
160.6656003337891,149.75500000000002
156.47162453595936,159.10600000000002
145.43784565479422,155.50700000000006
163.94750235474254,166.70499999999998
214.97331813933766,212.05899999999997
281.89221485785936,263.01300000000003
292.6469249445644,282.8410000000001
293.27250411613034,283.32
283.7967066876729,271.0390000000001
258.40117473286944,228.91500000000005
214.168517847563,200.2119999999999
185.4353702946793,169.81099999999998
155.3429483860125,147.731
133.19329467298508,118.34500000000003
123.98947057501223,114.32100000000003
114.91638809560584,107.599
120.21149022444105,118.613
136.27206073759794,123.20499999999996
169.1965541604441,144.94200000000004
195.47789225250355,186.207
227.98130314611325,201.459
245.30606180860195,205.822
230.10091523953201,201.992
219.26869143930008,201.79800000000006
217.9587531676363,203.60000000000002
203.01753138272215,204.25099999999995
197.39581894086825,206.93300000000005
207.81260010545276,235.8280000000001
248.26047524921887,251.77700000000004
316.4019578384568,269.2600000000001
324.5722224789172,298.737
314.7205284331476,264.758
293.2364909723931,254.84500000000003
270.7201385686036,228.43
215.57939435873206,208.945
180.36596697612663,174.18399999999997
152.84051243074262,146.89000000000001
120.7882853966444,124.90500000000003
115.15987734014315,112.733
109.09441960948912,110.31
119.01748046985364,114.60899999999995
126.97781095960468,120.83200000000002
151.47253749808098,152.825
190.22666926120328,186.92000000000007
209.89761598207053,221.41100000000006
217.43574538299953,259.773
211.3433933888251,264.63899999999995
209.2997138040547,274.67600000000004
209.59908159757975,285.33000000000004
204.8780417080618,257.442
204.94346072817692,246.89799999999997
227.76513157881044,227.55500000000006
250.36708602569462,283.90000000000003
282.2186826791231,338.23
307.34035049809984,340.05600000000004
284.4400824821993,313.97799999999995
273.13835673086555,306.68000000000006
245.48949057508557,287.663
214.15036813177142,232.78499999999997
175.07082013732804,190.35899999999998
146.61386740997145,139.68900000000005
118.83732183761458,118.227
113.23556750680643,109.47800000000004
118.19342593416687,113.39800000000005
129.23730040506987,127.30499999999999
159.2570991672777,165.94300000000004
197.722097084263,218.24199999999996
232.549140237668,251.54099999999994
191.4446282241068,191.99599999999998
163.13252574078854,155.29300000000006
156.7452080390849,154.61799999999994
153.37622025063982,164.14500000000004
153.45833380574558,159.198
158.97931685085584,156.79499999999996
153.06341529067242,172.86299999999997
165.35885564969328,186.156
212.33978764563415,232.24700000000007
267.62924040288254,325.09499999999997
286.788637772847,349.638
287.83061560411596,350.87200000000007
275.6434061895411,319.2819999999999
239.36472966642148,296.51
206.2430920501012,243.545
177.74455394940696,181.18999999999994
138.9382578553419,138.59999999999997
117.75253440509806,125.04700000000001
110.41660263351775,119.85300000000004
115.11318150727584,121.54000000000002
128.33382943568785,130.89999999999998
164.69654223506515,176.3560000000001
211.54272534890396,217.776
244.91896126614236,229.93900000000002
191.15575358791187,194.72200000000004
157.68651105066354,169.76599999999993
155.41887430561795,168.42100000000002
161.64513383646442,146.61400000000003
157.46956066206633,154.7659999999999
157.51228524367338,144.81199999999998
165.54223242666066,144.764
178.9116266717728,164.51300000000003
225.11969011494483,212.98700000000002
304.9376934019009,281.47299999999996
325.8653930276254,312.23
325.67842202560496,330.4289999999999
301.59777199600245,324.9359999999999
274.2048745179428,284.845
228.0760137659871,219.62
178.75491297037604,176.24399999999997
138.24793952744312,133.59900000000005
121.38508495708027,126.51199999999997
116.2974069843016,116.874
119.26328285991019,112.48400000000001
129.62823831241536,126.91499999999998
172.444188789129,161.264
215.2413603574176,208.505
232.9197585665807,248.71100000000004
194.36520398101004,193.42200000000005
167.33020981228228,168.27900000000002
165.43478942614354,159.55200000000002
150.7782405129579,155.846
154.7805656998362,166.96300000000008
147.70953115426917,168.61999999999995
149.73822897970967,165.87500000000003
168.11668603173567,178.404
216.19060979947773,236.89000000000004
287.4629006331412,322.89099999999996
315.9143389761217,335.577
329.1903134213348,331.9269999999999
318.6323933148125,310.1440000000001
280.5564319205557,279.15599999999995
220.75582514116775,210.42200000000003
177.15140377558197,173.94899999999996
135.231793792513,144.06
130.28078364841684,113.27100000000002
118.73347351107074,107.59699999999997
115.39095128591396,116.18499999999997
128.5061197359998,118.99300000000005
165.18294295286137,165.04500000000002
210.40813964763976,197.096
243.5008453174965,222.17200000000008
193.3195296920573,179.584
167.50375100382976,171.96199999999996
160.5742097759532,153.81599999999997
154.18441100764318,144.77100000000002
163.27558467518054,153.406
162.39966500133914,159.647
160.37871132735427,168.55
174.74433602493468,198.41399999999993
229.27434604364458,248.31199999999995
310.72428042492777,303.852
327.6172061446522,328.31100000000004
327.93817742026147,323.8879999999999
310.3429905625412,295.601
278.2435384534489,279.08500000000004
212.68806713072183,208.98100000000002
175.1467886041998,171.65100000000007
141.68723821753122,141.24700000000007
120.28160659848757,117.16500000000002
112.11947647468635,111.23999999999998
117.30876900863595,120.31900000000005
122.60368469205255,133.93
166.2731116705687,160.82300000000006
201.45478892930254,214.31900000000007
228.7609515847853,235.67400000000004
183.75385511638495,183.14700000000005
170.3547030693333,169.35199999999998
156.0601542435217,154.61700000000002
147.7966989630577,180.2210000000001
156.8126680405506,165.50199999999998
160.6285636766673,164.099
166.66164555352805,156.024
191.26042737213268,186.7299999999999
240.18537717608905,221.301
302.39145602541373,277.17100000000005
325.6161895028351,265.08500000000004
322.8216191193219,276.5010000000001
298.1717054907248,285.7500000000001
278.53528096170044,255.71499999999995
210.47162806861942,217.23200000000006
175.9561389505088,186.47099999999995
148.4764244219595,142.23000000000002
120.02347068150544,119.74700000000004
110.67665609302091,114.00899999999999
108.74272911446448,112.31200000000001
115.22442353202719,117.00299999999999
121.94463318082146,137.162
152.5103543923983,169.4330000000001
188.3385026353523,181.46200000000005
218.55066342185506,212.2419999999999
246.4096112935498,222.35
245.37960424381546,209.52600000000007
248.270752393078,201.32100000000005
253.36204785606054,203.35899999999987
233.41411550949695,194.55300000000005
227.44960012813272,186.85999999999999
222.17176755053845,218.36400000000003
268.1094690323422,254.99799999999993
313.2340715560871,271.095
322.29569142057153,266.07300000000004
298.362552218588,254.46800000000002
289.66228691062764,236.07800000000006
268.8008054500503,224.24100000000004
222.87430775692258,192.86900000000003
186.80515043219572,170.64600000000004
145.76654047136518,152.805
126.186597012626,114.21499999999997
117.25723622223767,112.47199999999998
114.20750951847808,111.53399999999999
118.19707883459654,99.125
134.47842115978733,111.667
165.14708519692192,137.96499999999995
186.14656103171438,182.40800000000007
214.88357617680964,207.334
229.19883199777635,220.906
219.85153602691966,217.32199999999997
215.06877907198628,208.26100000000002
218.23049698592465,194.06400000000008
206.21007429886296,189.6099999999999
198.01300949535226,186.06000000000006
221.57392784156332,203.62800000000001
258.98915133826165,229.913
284.2524013166675,276.035
284.61230050392487,284.06700000000006
272.7446991176284,283.327
257.6260097714118,255.97999999999996
242.36750311073516,228.161
204.20115198710187,209.21800000000002
171.15297005994876,181.971
140.77248972159435,155.32299999999998
122.61838221851772,122.30199999999998
113.7212785659561,117.45100000000002
120.6738578318942,107.92900000000004
131.00073204093582,108.53800000000004
163.1952629934058,125.797
210.08650744146854,148.54899999999992
233.4114717795536,187.03699999999998
183.46080480631196,193.51600000000002
169.90044975058464,196.34300000000002
155.5729073843878,198.22799999999995
168.63881191135732,213.97000000000003
161.4768360260424,217.2630000000001
161.8816072249656,213.46200000000005
157.90683772635708,216.63100000000003
187.59524544228358,225.46700000000004
226.5711288692781,274.344
284.6826383956543,319.5280000000001
284.954195615142,315.41700000000003
295.745319827153,318.0709999999999
294.3184154004574,297.8030000000001
266.73886456809146,281.7620000000001
218.13211952176056,213.52099999999993
180.5030176081221,161.52800000000002
150.99633711594518,128.846
111.37924719547499,115.65999999999997
111.50793945701618,114.65199999999999
110.75422798626232,111.60499999999999
114.78694751320722,131.36800000000005
136.41583264821668,174.06499999999994
167.11573242982308,213.994
200.09855499111933,229.752
191.67300283076776,184.97700000000003
187.2932690268812,177.714
182.7584312146402,159.914
197.42161114498322,150.18300000000002
196.17582782941594,163.093
193.2109224714933,152.973
192.45286502388547,146.59
207.480527168925,166.3329999999999
254.15742318195834,205.38200000000003
304.7849842252131,296.243
304.15297709358003,336.78999999999996
309.66655294932076,336.59699999999987
295.4112141540294,315.9230000000001
276.501151081766,279.85699999999997
214.77662288736116,213.28600000000003
168.26018493707272,173.861
135.75711821141152,132.332
116.3242341951781,121.96000000000001
114.6684895580857,118.34300000000003
111.73516805594592,112.26000000000002
127.35658567703175,131.65199999999996
163.7210634271854,171.7369999999999
199.38783530954765,198.27399999999994
221.02218444970993,237.05299999999994
186.5601178979333,197.13699999999997
180.18712164119017,192.94199999999995
165.97619349225835,169.19599999999997
162.61074037383935,173.97499999999994
172.75787546617255,182.897
164.58127292926378,182.611
160.62220075982356,163.62400000000002
179.66116485894273,188.67300000000006
221.41460395497097,251.8400000000001
301.36321790403827,322.05300000000005
329.7273948145413,360.2020000000002
328.749665562855,355.961
309.39235159771715,335.044
277.3939838506443,282.74699999999996
212.8412384518602,229.17300000000003
172.0536667761795,192.91799999999995
133.070902606809,161.06199999999995
132.16647634867,137.31800000000004
121.37294047037486,128.14400000000003
113.7438108287072,123.28699999999999
131.41822533760578,145.21500000000003
169.90951338624274,176.09299999999996
198.69329740277146,222.67400000000004
232.83040491650786,250.63199999999995
193.245249926862,175.04500000000002
188.2481675835378,173.22300000000004
168.00759331657818,164.257
170.78820960157833,148.289
179.50925190355963,154.06400000000005
177.48129524559855,152.387
162.13549234507872,157.35000000000002
185.10224454991646,163.39600000000007
242.47690382595067,226.67199999999997
314.34835565910305,307.486
349.1735996622492,324.369
343.8646304249637,308.173
324.36915763251795,294.15599999999995
277.98932049627945,276.177
223.61225058353057,235.7899999999999
186.01613413538698,191.99100000000004
151.56678503152267,146.301
131.12577977275393,125.99199999999999
123.7708919442139,124.39499999999998
119.1716453702335,115.64700000000002
139.65698009848785,131.32000000000002
172.40904330378237,172.10600000000005
214.37745093286907,209.84699999999998
243.11194162101458,238.44299999999998
182.3587039559605,200.13799999999998
178.65876101439474,188.60800000000003
165.2648384102797,168.23700000000002
154.63743311016853,161.75900000000001
161.98617152921366,155.24199999999996
160.2524030955813,167.39799999999997
160.75449320678408,169.97399999999988
170.86875348696992,189.755
233.21591284208543,231.91699999999997
310.8500181158478,295.1810000000001
331.439512992904,338.5559999999999
319.5028443263447,317.9249999999999
304.7554183790511,283.663
279.0318659762578,256.19000000000005
232.55668790738804,232.75400000000008
195.69806739600497,193.65699999999998
161.18659448543866,157.88100000000003
121.52457227968617,128.15200000000002
118.29784776949322,121.65400000000002
115.11317340756959,122.22200000000004
106.66035965151494,125.451
120.39458395829567,140.56
148.0991772468574,170.73499999999993
185.09804574445454,224.39299999999997
210.32417287195292,227.87900000000002
223.69398943175,241.79999999999995
218.96587388460756,233.63099999999991
211.6535445879864,227.954
201.47409156945358,234.08399999999995
195.27141364304651,233.16100000000017
189.91214319010695,237.348
209.78143403260958,253.74199999999993
239.42213602609687,309.97
281.31497133934175,331.72099999999995
286.7854166572499,330.12399999999997
283.2992663748229,308.251
258.68128925303455,281.00299999999993
234.08295766538976,255.15099999999995
209.88009427860192,237.11800000000005
180.88505017749085,204.44499999999996
152.5489754336357,163.5000000000001
130.79355111909436,140.938
124.69668411876668,125.40300000000002
123.35819096423921,120.993
121.98748885934475,126.01599999999998
135.18606186646835,134.40600000000003
163.38599009025,172.57599999999996
210.95214616475465,222.90300000000002
220.71463061643487,244.096
235.21527905968142,241.36100000000016
228.0099018351857,258.843
221.8013632443371,241.8309999999999
222.29719026766367,227.72899999999993
220.366875333684,218.01600000000013
222.02206205316043,207.11699999999996
238.32810244541832,242.58599999999996
285.7488751676298,274.182
310.3550219440584,340.09400000000005
311.5375409285724,373.80800000000005
294.31326464574397,361.2969999999999
268.98401817666706,364.7300000000001
245.27841595873156,295.2730000000001
226.56459740967546,240.67300000000003
185.2341622445365,193.0799999999999
144.5293616612658,144.909
126.12470981313457,125.60300000000001
123.4223608969861,126.05000000000005
115.88169180281935,128.77500000000003
132.75269584357423,141.61300000000003
172.07036890472108,183.91800000000003
210.58828836848545,222.27199999999993
239.21709083799456,256.2940000000001
193.90035159253483,204.965
185.07889976753995,176.32399999999998
166.50975926846792,183.813
159.21049267900776,162.81400000000002
157.8570657193955,187.82799999999995
166.61785132342618,193.53500000000008
167.61861736523178,176.53700000000003
184.4677575634674,212.21800000000002
231.3046263748866,250.26300000000003
298.59601433148106,348.1789999999999
337.05509429742676,367.28700000000003
318.6182722902941,353.01800000000003
290.117418712131,368.34000000000003
265.64254522855634,298.737
233.3402935448578,260.91900000000004
188.63958262225515,185.56900000000002
143.20729734780815,152.315
128.08201690722734,129.554
126.73481202349254,118.08299999999996
125.17914799098104,115.88500000000002
138.0499503755028,131.77500000000003
178.59396634448697,167.33799999999997
217.3438901555446,236.47600000000006
250.56343282126306,254.64099999999996
201.39499980225037,213.577
178.2241559770929,167.12299999999993
177.7068692668215,178.61499999999998
160.35371635092145,155.426
177.75850486256365,165.34100000000004
182.6122312399494,183.50100000000003
171.02031080408364,172.04500000000002
201.01176659301484,196.84099999999995
240.9585637836665,254.002
328.5001173319895,324.746
352.50356168359724,348.451
336.9264069009522,383.803
336.67670032862634,372.90200000000004
281.5882692999153,336.7420000000001
247.85809597477024,264.94000000000005
185.2059457585915,203.82100000000005
149.29342036334907,165.46799999999996
134.69862932777374,137.65099999999998
122.21442613438157,129.038
119.24753205247352,132.75900000000001
134.36754176506565,143.59500000000003
170.76806712559804,201.93800000000005
231.17972074028114,242.237
251.77332384217053,256.914
209.57035226309574,222.68500000000003
169.90788085214461,208.673
177.87434629183218,196.82999999999998
156.26841560020142,182.10899999999992
167.99410454293007,184.68799999999993
182.19523003722128,187.36999999999995
171.1167453380955,194.9129999999999
196.7061950668255,226.83000000000004
249.46968412106372,304.665
323.6028839388101,352.37200000000007
347.97474753204926,389.50800000000004
369.2025914076339,423.16600000000005
359.6818348901842,405.80299999999977
317.3567695269429,344.524
255.6374519832719,274.638
196.33131311616137,228.50699999999995
159.3260124869429,170.80900000000003
141.0293804277881,154.84499999999997
128.5509506952458,146.67699999999996
129.69848202829905,146.25299999999996
141.73325728436407,168.784
192.52299554571243,215.411
236.9159741408242,253.6010000000001
254.63314751561143,274.64699999999993
218.19413123095012,224.69100000000003
195.220929738621,196.791
189.00885839019912,177.75900000000001
172.20234751972936,178.70199999999994
178.29122361023417,195.16100000000006
184.09393419396284,192.108
185.53421926927797,183.96800000000005
214.08109616365783,201.70700000000008
283.3154845118115,264.373
338.6369477658168,341.8619999999999
372.78184736102673,386.04
401.41971963437607,366.9989999999999
386.41469433942643,374.6560000000002
331.33234249866047,348.8090000000001
265.5020366395857,297.7660000000001
215.83889152320185,215.88399999999996
164.0889442536301,177.41400000000004
152.61335117016358,148.20600000000002
140.34044773386333,142.952
139.29182468836103,146.69400000000002
157.17888209142438,155.18999999999997
202.87585486874812,192.69299999999993
244.98569024010703,256.7890000000001
265.7279147395881,278.1099999999999
221.56275444997823,236.30999999999997
195.07092070312274,209.308
179.6634988966824,176.158
175.9735747562899,188.63899999999995
189.44516885614917,177.63500000000002
188.5376195136402,177.832
183.3900887300476,182.37300000000005
203.77550907142643,213.18600000000006
268.50691998571904,273.20400000000006
340.4569925660211,358.52600000000007
380.31573456692263,383.1549999999999
373.8195712295384,394.2410000000001
374.97779940408446,367.36700000000013
341.00345530540585,327.49300000000005
286.29857723045814,281.999
224.36433614584246,236.56900000000002
172.20160591634118,196.39499999999998
160.7848123134458,166.79299999999998
134.86560967646184,151.09700000000004
125.94308872319672,152.44500000000005
126.62118991247077,158.34000000000006
135.48864409481007,177.69199999999995
171.0831356474452,216.74499999999998
219.81201560306633,247.851
235.34869006050187,292.17999999999995
238.14699693735784,302.06399999999996
248.07015199160134,307.54200000000003
233.50187092237877,299.35400000000004
223.66695750777194,284.93100000000004
216.73546975403468,280.6360000000001
209.88263139582705,287.4599999999999
240.10523692814976,332.8380000000001
274.77844370039406,372.241
328.29929753341753,422.09700000000004
350.2614407371624,427.18200000000013
333.34955993155154,403.96000000000004
324.04753659505093,377.736
270.0468506215918,357.644
230.199361023775,316.015
200.41557710743888,247.77599999999993
170.36640297958363,197.786
168.79513172570228,190.30299999999994
150.55150425399634,164.44399999999993
147.33653361833504,159.47600000000006
150.08153340729808,167.01800000000003
164.4660353216039,164.87899999999996
201.14891478884527,203.69100000000003
236.88578003673928,270.0350000000001
272.0885719236211,314.672
276.19780484619287,324.21000000000004
281.2752889708653,295.667
270.42146344484775,309.78000000000014
257.55337054695565,335.229
253.93202425966518,315.9290000000001
255.6447603340818,309.8840000000001
293.5142930081376,369.61400000000026
329.2272948809467,413.92499999999995
377.28073260515805,452.9329999999999
387.29214664357096,445.7269999999999
366.7629949139798,452.25700000000006
342.77606527113846,433.19399999999996
316.64675454223027,397.9860000000002
278.18336376341813,311.80100000000004
211.13688503042525,237.42299999999994
170.66417545978538,178.14700000000005
147.57520528504597,157.68299999999994
139.91656457636714,142.56
142.52561127781811,143.78699999999998
153.4336040585251,168.03800000000004
193.3261081769544,210.553
252.16358826157563,249.00299999999993
271.8756143131887,299.55499999999995
229.10460996977008,256.32399999999996
201.96533506727448,254.54900000000012
176.19978925581566,239.34100000000007
183.77959444611474,217.89399999999998
179.750202348986,225.409
180.1668167445983,233.946
182.6058904406248,234.73800000000006
209.31761704700224,267.149
270.717057853222,329.32000000000005
352.2391716433608,433.997
380.47948379056993,442.255
386.31361586213916,472.81499999999994
366.7173817880083,445.15599999999984
330.0548785703438,383.6580000000001
282.159801465682,298.4040000000001
220.60499189548327,235.06499999999994
171.38538819912168,197.15300000000005
163.9247679381184,166.40599999999995
146.0410082669693,148.23299999999998
145.89795969238497,155.40699999999998
166.0163473546496,161.20799999999997
206.8213200968878,209.21799999999996
248.6059772251501,258.24799999999993
290.1157729139843,294.4350000000001
247.0985434414368,249.47400000000005
237.04645193630301,221.761
216.349646394015,206.7750000000001
199.75669950779775,216.12800000000016
205.58824691157804,227.386
211.13856014219732,217.47999999999996
212.54593051380303,202.13500000000002
242.34175831226202,244.97199999999998
302.45020990706814,325.9609999999999
399.3722366812516,390.53700000000003
413.59107247317945,401.5949999999999
436.4866860379435,400.95499999999987
412.9988426471738,412.187
359.1446143357742,361.3700000000001
288.1400615707431,290.485
228.25806511535092,219.68700000000013
188.14227209161018,170.132
153.13426904915246,154.622
140.60333238625594,143.39399999999995
148.16185124329877,134.23799999999997
158.86442962262197,153.69699999999995
204.83775664875358,187.41000000000003
253.61502029220912,249.10000000000008
291.9589600720143,271.813
248.82250513191428,241.12699999999995
223.76967235456942,193.89200000000002
208.3466217379733,195.12199999999996
209.04808199368313,174.04000000000002
219.27969736155882,169.88500000000008
213.31432389279465,182.5430000000001
202.37048256874152,174.49699999999993
242.30223737687652,216.32499999999996
317.54399386826725,259.18
389.34618900841224,339.16
402.28272682870903,367.7629999999999
407.4947481157191,360.2410000000001
411.1050345010449,354.7410000000001
359.41955065106674,330.22999999999996
287.4844168023634,268.3840000000001
221.1860018495845,219.446
174.33625216450804,168.264
151.7980123578386,146.58200000000002
141.38425672997658,131.81900000000002
137.13021468688848,132.56900000000002
155.4986701034581,143.524
193.15533942507733,174.88300000000004
252.10378626413754,220.8830000000001
277.223423234488,247.171
243.0595694346157,214.62899999999996
202.10702367762966,178.049
199.64849420303665,177.653
184.04559663679316,169.32599999999996
182.32492962069455,178.46799999999996
192.16989145471518,170.015
183.76152893195882,172.62599999999992
225.4016120910079,200.75699999999995
275.4589021673979,260.9040000000001
353.1730603518202,322.3180000000001
379.756423591185,350.112
376.0323917597466,345.56600000000003
371.4134445467361,334.137
341.16615547699325,297.53999999999996
276.2991397135206,269.93600000000004
221.63678056674627,207.77599999999995
171.1324234922273,161.20999999999992
144.9057904547675,148.14000000000001
132.83634503715697,133.49899999999997
133.64433890293756,128.30800000000005
148.08791198113772,139.52700000000004
181.87236227839605,169.142
232.27491117993193,205.5940000000001
258.77267813328564,255.76799999999994
223.8459065184366,200.976
185.74281404663492,201.817
184.84195341848346,199.334
175.46604143314804,194.67599999999996
180.79883474816762,186.09300000000002
177.43966367356944,188.82099999999997
178.2446073668774,201.70800000000008
211.38934856578913,227.11700000000008
269.4284440142698,278.745
333.87696217273697,335.832
361.3374733466514,351.74700000000007
358.9441033407543,357.682
348.2831931065026,353.07199999999995
314.824698734147,300.808
274.60493868537975,251.93200000000007
221.27653585490071,214.96499999999997
179.36900247245615,170.63500000000005
159.7539853120618,141.67399999999992
140.87738646642563,131.37200000000004
139.48536752910996,129.52999999999997
148.4937135020065,135.44599999999997
153.40498596074167,151.78300000000002
192.5647180168283,180.6630000000001
252.6987775354014,236.2110000000001
294.52196360383584,251.92500000000004
302.1535332646647,270.6900000000001
284.6853379134753,285.236
289.9539825051206,260.04499999999996
302.3564977923568,269.597
288.15285840207207,266.842
284.42553429036155,277.5590000000001
335.36510842605185,292.70199999999994
375.38518677220827,329.306
415.3533668178918,388.269
412.6363684290635,397.5520000000002
409.65032421990065,372.46000000000004
386.7260745994457,327.081
356.8294215202707,304.37800000000004
291.1364416541525,281.174
236.24429147412454,229.49399999999997
183.7084135945251,189.423
155.71144098871537,156.72299999999996
139.6022708296809,133.52300000000005
136.45277402919317,125.22900000000001
141.41450820330897,129.969
155.10620403302937,141.10100000000006
185.0272401345651,167.32300000000004
240.02380116517685,211.14000000000004
260.87119741607876,276.01099999999997
277.3239175058342,293.89199999999994
284.6556878787849,284.31100000000015
266.30239381365647,280.80199999999996
276.3087447585207,247.34
271.239440805957,245.34199999999993
278.2803455457043,233.86499999999995
299.97376412300264,252.12700000000012
338.0780328239135,321.46799999999996
393.7747806423812,397.149
400.58320318115443,415.1189999999999
379.3798607240515,384.40599999999995
339.39456629473125,369.919
315.8314009301313,321.3390000000001
283.8842829059068,265.27099999999996
216.4348320063591,218.08100000000002
168.02032480527274,173.32399999999998
155.06784559753694,141.40300000000002
137.44745539274183,130.324
132.17158813802257,121.179
143.64833162779834,142.33399999999997
174.71815866455069,185.83699999999993
213.42808887047903,221.2
257.797584154843,269.97300000000007
208.88766806830915,215.09199999999993
201.2766698784585,182.29900000000006
197.66030413505104,182.63299999999998
190.99217979123893,209.02299999999997
184.94197144226527,195.575
186.04600828073802,188.68999999999994
195.2730224675465,164.97400000000005
222.0003864742137,176.03099999999995
275.36813012759444,223.60499999999996
335.93272061334585,332.277
355.33356225885166,360.379
360.4783438136826,384.65600000000006
353.5646471090382,367.053
305.7282484339306,328.762
259.2860308811122,274.033
212.74191770105347,228.95100000000002
169.5676822448541,174.329
146.3228846281121,140.423
133.37642113084507,136.034
125.41839817794511,142.88
144.33163081103572,151.99099999999999
184.87926229717345,171.39000000000004
220.25973146596795,221.231
267.3511649046725,233.52400000000006
214.18366073328525,204.898
188.2792911002184,205.48999999999998
187.59725498394263,191.32800000000003
202.49447611566552,201.2870000000001
192.25302464540601,189.44600000000003
187.96927245230634,178.02500000000003
176.48747845503289,154.49400000000009
193.46168434034513,180.87400000000002
243.43948409282586,231.04900000000006
337.3041445446685,308.52700000000004
359.81825818596246,348.93499999999995
379.0135340595572,382.0160000000001
363.40771585975494,367.106
322.378742964861,310.153
269.82920385952883,243.28000000000003
224.22948009374966,197.54
172.27303760990372,155.586
133.46886363873216,142.12099999999998
130.91276157872466,135.18200000000002
136.43480325456295,129.39499999999995
148.86801036328956,144.43699999999995
173.98648926313123,174.39399999999998
220.65505181301705,212.03800000000007
242.5969382011696,242.11600000000004
208.49103839970695,213.44200000000012
202.45800636335298,190.36599999999999
190.4054700443807,197.17800000000005
200.94669590230976,191.163
189.7764653605155,179.053
181.04819696126202,163.45199999999994
160.9607789042605,171.43900000000002
186.5956473688907,180.53599999999994
237.1751982891705,234.139
316.82365344145296,315.73499999999996
353.262725932753,356.8589999999999
381.8378383057076,354.22900000000004
366.26706275286983,339.346
313.04628768460776,315.17099999999994
249.90790985331364,268.9309999999999
204.15332380211242,199.553
160.5166773311621,160.43700000000007
142.6651124780817,147.71
136.16927645616408,133.247
132.5547724403368,129.78399999999996
146.7376338854831,165.089
175.10003666774497,188.12399999999997
215.35040542672542,220.49099999999999
242.78445495431498,247.98999999999995
212.07987962855967,214.01600000000002
194.7700570975178,183.74799999999993
196.44711619599337,177.19799999999998
194.17911246008867,190.84699999999992
182.5345847190417,177.034
169.27739672169372,178.58299999999997
169.34275040917726,164.82899999999995
182.31517416176862,171.281
235.59108584575793,226.02099999999996
316.1549761981554,303.991
356.6404654086449,325.63499999999993
362.28922177984,335.4800000000001
347.8289191683002,351.91200000000026
315.5390738706819,292.707
264.1197166972942,259.692
201.0732540535043,203.76699999999997
161.12675539278365,142.18099999999998
139.6720162691449,122.296
130.89159461387598,119.589
129.2471202245657,122.54199999999997
158.1371789839622,137.511
181.77380478770976,161.81499999999994
218.1441614106826,196.11
246.5450732112739,226.8110000000001
213.5359870504,194.738
187.46281209231356,173.44599999999997
183.24395753439524,195.51600000000002
193.2409290982371,187.10799999999995
179.8114935983406,165.69599999999997
177.901232020711,164.51199999999992
166.24117262132512,156.01799999999997
174.52631822503082,164.33799999999994
228.66724207744767,227.92399999999998
306.85764281456363,306.14300000000003
334.46579475002795,332.1450000000001
345.367955916267,335.90600000000006
354.80408452524034,301.23400000000004
301.9064715159914,286.01
262.9542032477513,256.017
218.83672878632217,223.562
182.11585256495204,197.10400000000004
161.13885366389565,152.39000000000004
138.42787228194467,137.22599999999994
130.35774602725587,133.98699999999997
134.61423964119726,146.88399999999996
146.39404668385015,162.91399999999993
173.77289745098676,175.18400000000003
219.7809480115306,210.749
273.69515400227436,251.06200000000004
289.9905478874908,250.50200000000007
283.9515564980734,234.77800000000002
276.39216282582163,219.78600000000003
255.38314192391712,218.64599999999996
252.93331127517126,189.563
246.0616588847928,205.40400000000005
266.11480908923147,230.504
328.5449914080469,284.7320000000001
399.2210202561532,368.44499999999994
412.5954531537237,361.84399999999994
382.9000007858299,363.212
361.5563726621181,332.49700000000007
318.76930996942554,311.46799999999996
269.9489176544944,282.2450000000001
229.70081716939382,243.62900000000002
197.05434444548203,194.70899999999995
152.1937494314291,167.23399999999998
136.07838903278468,156.33800000000002
132.25319856499135,148.696
143.10483146280714,150.707
157.48581735382567,163.05399999999997
173.69008944403367,181.14600000000007
212.57539033566536,222.93399999999997
256.53403573622154,256.53999999999996
259.9421231478577,251.51099999999994
247.93117704371525,243.67000000000007
235.47318788773822,242.788
231.9019900148156,228.09400000000005
207.64897780171688,222.63700000000006
219.35688201648858,230.03299999999996
242.71591431284298,238.462
298.34724097283,271.52399999999994
380.201524386414,359.406
379.1218842459891,377.5820000000001
373.35401465266773,372.7610000000001
344.7780233032042,360.92100000000005
318.0787540878749,332.331
280.6803340603835,255.9160000000001
209.95456900221814,213.45
151.08067402432502,186.82899999999995
143.5826206963599,154.018
131.1441766250817,142.32799999999997
129.63016742785345,132.58300000000003
146.56288284126975,146.89900000000003
170.89891214957595,184.67200000000003
204.37923862036342,211.85399999999998
233.71635107438345,242.48599999999996
200.41804518034934,223.39100000000002
178.04391707064195,199.00899999999993
191.93545436719586,194.08499999999998
188.5966579081884,205.12399999999997
169.8830439411464,203.919
169.10616653792397,188.76900000000003
159.44374545640585,190.00900000000007
167.34466967064168,199.65100000000007
229.9066696098771,236.713
307.958210537327,340.0120000000001
333.67880903364556,381.44599999999997
339.0874264789041,397.3140000000001
318.9398141495885,388.21399999999994
294.826432531822,336.7079999999999
260.5631721684366,264.20399999999995
211.11512596136203,208.531
174.31230191259255,170.60700000000003
144.47779978108449,143.69799999999998
135.77777768876564,130.45199999999994
129.33727647580417,141.454
145.84163642453757,148.964
180.7541913126906,200.53700000000003
209.9242770890366,228.9019999999999
239.4054307466469,256.83400000000006
216.88559023627602,236.25599999999997
193.37173390845732,199.363
193.45909732101404,200.97800000000007
199.59951306756557,193.666
192.74043467236322,202.57700000000006
180.82658781058268,192.602
180.01059270116139,224.03400000000005
189.74650327300836,251.36399999999998
234.57025127759692,293.763
330.27881327873877,376.20500000000004
365.6710302699372,450.5450000000002
377.46463567443857,446.6550000000001
364.2342905598864,406.70900000000006
320.3913047232835,357.20399999999995
260.10930219349586,291.15900000000005
207.71934983594292,227.57499999999993
170.78946996153923,181.871
149.0972487544094,167.986
134.65543946865688,149.76600000000002
139.03917209560103,153.10200000000003
148.39819849702744,174.39800000000008
194.0367783121412,199.23899999999992
222.431388420257,207.63899999999995
251.97821262049553,258.544
229.7249775651651,237.20999999999998
196.23031487122864,227.42899999999997
198.2872330299316,193.19099999999997
195.19376043354617,192.678
198.67111985623205,201.05100000000002
187.52578705939396,199.07299999999998
208.67150488023546,215.98600000000005
228.372874692035,235.21699999999993
269.56733516918666,275.44800000000004
359.075383954171,364.71999999999997
421.20870734210234,395.97600000000006
419.6896147566987,396.2790000000001
388.394604682881,381.52099999999996
341.997319574645,355.68700000000007
278.64598709684543,277.38100000000003
219.00587613744642,219.02999999999997
176.5200107757793,184.68099999999998
165.05076924270907,153.067
145.76239926364943,140.85699999999997
148.71094498401413,140.02299999999997
165.24520932937068,177.05100000000004
194.21859830143865,200.6679999999999
211.8821112744174,234.737
256.6544700707937,266.912
234.91151110625822,228.86099999999996
217.134562754103,209.049
193.4445740305721,192.96599999999995
192.23151614246768,197.52700000000007
199.8339103829475,193.926
194.81726385258267,162.216
212.30473314600692,162.94699999999995
231.34664285633826,206.748
272.0627938151038,259.795
360.78070063312487,332.4939999999999
398.46602985640834,352.70900000000006
399.5450629937973,382.71500000000003
382.1223078927724,380.741
351.4037806807188,334.47399999999993
276.9877988300073,277.1929999999999
218.7010274067198,209.91600000000005
182.4749802615029,191.11700000000002
154.74668422774468,162.04700000000003
141.06981319574638,153.86800000000005
141.17836533930114,148.152
172.32448262783853,176.27999999999997
197.2383515572276,196.47399999999996
226.53876784584594,230.67
261.2973761924353,240.11799999999994
229.46234640709037,197.30399999999997
210.3979903113151,193.72000000000003
193.07933523523,190.47699999999998
196.16147250325827,204.0989999999999
195.8168312295315,173.459
173.11207778524445,184.46500000000003
179.81766621180068,178.0099999999999
216.30484813595336,210.75399999999996
264.0762811593281,262.19
342.5656130326101,351.245
368.13522392769823,362.78
391.72600001414463,373.4369999999999
383.9082128479107,344.75600000000014
339.7295371374938,294.5770000000001
277.4924280680086,254.13099999999991
238.07011224297526,236.84
193.67928897821454,195.63199999999995
164.83324523105046,150.747
151.24401713511975,144.223
143.05937162870418,137.50500000000005
147.69607479410274,144.03200000000004
159.87981676788633,168.56600000000003
177.98120759467906,192.85700000000003
220.01586930350283,247.29999999999995
255.88340417474006,251.17999999999998
253.24634268842976,262.52399999999994
245.23476607710316,228.567
242.9095393363559,217.14999999999986
230.99684881697323,213.99900000000002
221.756279162909,214.476
229.46394673279008,237.92299999999994
241.01527196227494,257.443
280.1620557901928,295.3079999999999
367.54160817608033,360.901
380.0514349368606,345.345
373.6063878269006,366.164
356.47842657307643,327.6760000000001
327.95827038859716,315.51499999999993
264.5248211650462,279.8810000000001
239.5560785770919,234.846
195.92705075838103,195.69599999999997
153.72411339828926,165.89700000000002
144.72113704936515,152.05899999999997
138.44897653194266,146.59500000000003
144.2508699065324,155.94799999999998
165.30102336049458,151.61199999999997
187.83557130192355,172.17499999999998
238.6835870989818,221.827
252.43793955791477,229.82500000000005
261.38744064779746,251.41300000000007
234.69316885930942,256.24800000000005
226.78775007691394,244.793
221.61403378379356,230.01600000000002
219.41608481840981,209.26100000000002
238.58146593058203,214.91500000000002
255.74537615514612,239.65499999999994
293.35776955264544,305.43899999999996
363.0594695001139,351.5290000000001
356.4798885427126,403.9899999999999
371.83730382464876,389.2959999999998
338.3657722344266,384.643
322.6735378775453,342.102
277.29925587141247,268.37900000000013
212.51490629606246,215.905
187.8413573987215,152.058
141.8418163888399,137.06799999999998
141.15487261594222,129.61900000000003
140.9666645557091,121.49099999999999
170.99229816499644,140.547
194.42478252001652,172.49699999999996
227.818309169649,188.11500000000007
245.33231214565848,250.16100000000003
205.6024772036567,228.31900000000002
199.17163003728476,210.15900000000002
192.2691945297645,179.91899999999998
202.12104792324254,181.25900000000001
180.5415280067065,186.12200000000007
183.06867719673477,183.41899999999998
180.18418927743386,182.89399999999995
213.8124801011096,218.82800000000003
264.3065371564421,266.92999999999995
350.0157061526823,321.39
365.3643331190325,349.326
379.1641698123492,368.4909999999999
355.6949929646649,350.21
307.4946167041223,295.967
262.4018459018568,236.8699999999999
214.04027071542728,177.60099999999997
165.90339229260206,143.17399999999998
133.1241704145506,123.961
130.11783197106686,119.13499999999996
126.30945332954303,122.10900000000004
150.54841934524978,142.38599999999997
182.40405473653033,181.44999999999987
203.33663538443815,222.88899999999995
249.11786789546156,229.89
221.66089067520096,196.73399999999998
206.48697358321982,187.69799999999992
184.67502983773102,160.38400000000007
188.86226341809953,160.883
185.17354274662907,167.31099999999998
182.72709156073267,162.21099999999996
182.01095247064958,157.9690000000001
217.25036300051516,194.163
266.119184723539,230.036
332.07030101332373,309.318
356.8956398281379,352.84600000000006
375.1115109669304,354.155
354.28310677145,341.87999999999994
300.37582246607343,290.686
244.83277059845534,238.82299999999998
189.42602569246492,184.93000000000004
151.14709610668712,141.551
126.07362580393122,129.301
121.94450014654407,127.72200000000001
123.98949921720262,128.61200000000002
145.280759569679,148.072
182.92840247122797,191.27899999999997
218.04957278770564,217.13599999999997
234.56981535984247,204.81400000000008
203.6556679173347,199.06400000000005
193.01172285106006,176.003
167.19855083713486,145.97099999999998
169.1508508566596,160.36399999999998
172.56803764776643,153.423
170.09688935679395,157.50100000000003
165.02548700717756,152.47799999999998
201.01174501149575,159.76000000000005
239.8081237649307,213.70500000000007
315.85160311163617,301.22400000000005
355.7495909031735,298.501
361.3417085090911,303.31500000000005
346.66792371248243,303.77
294.2395334084265,259.68
241.45292709369585,203.53900000000004
186.81808130669708,170.30900000000008
144.13884852519203,134.29500000000002
125.26865591097683,114.39499999999998
125.04804072605717,106.84899999999999
126.70020878096884,109.82699999999996
147.01850369321272,127.18000000000002
188.72050072290787,164.573
216.7915641306347,201.59399999999994
214.58151340672413,221.63899999999998
201.77976801436495,188.62200000000004
181.94032749204354,172.72899999999993
155.40291877612196,148.88499999999993
165.82770048356068,143.951
160.14178913323076,154.71099999999996
162.47792103504236,148.567
156.27809856253845,148.849
172.61567329295002,157.03900000000004
224.3586597019719,209.017
306.8892474510312,270.52299999999997
317.45790908680124,291.2249999999999
324.2908761332553,300.96899999999994
320.04849012920704,271.659
271.6723910514678,261.11699999999996
215.23454089232206,207.60699999999997
176.2533433802706,146.68699999999995
138.26572337301283,131.65900000000005
117.44591944539208,108.36300000000004
111.67131004504495,105.28000000000002
114.49240132760528,101.65799999999999
132.8117996014675,133.885
171.80997435817847,151.73800000000006
206.6384164377257,203.8089999999999
220.69078348574664,208.95000000000002
192.12747085781672,176.99199999999996
175.7791925592786,160.14300000000003
151.1224964006947,156.96800000000002
150.2237618475498,165.036
158.07941293762946,173.89899999999997
153.4928487874794,150.85900000000004
151.85119769385335,155.24399999999991
161.81202440076333,195.93200000000007
214.0085179354071,221.473
279.8544600176226,282.38000000000005
300.1079394158961,290.523
309.8133547940423,293.78000000000003
285.1358469138339,278.167
266.67675205154535,248.56300000000005
211.11624181123537,208.51799999999997
206.1735762345662,183.20999999999998
180.06989964951174,150.206
132.97083664174454,121.371
129.71034404259626,126.13799999999998
128.39201602714917,119.934
142.54953509252846,127.32900000000002
149.7624476649192,139.00800000000004
173.474041592121,148.96000000000004
224.59090630750885,186.784
235.9686733011861,203.6260000000001
255.09885936140054,202.23599999999996
251.93475071175945,216.70800000000003
241.20086968139248,188.93699999999995
228.19349146220242,198.87199999999993
212.0853907058714,180.55399999999997
221.78432346124612,168.26400000000004
244.81709014647862,199.70299999999997
304.1140464181491,231.74699999999996
356.69473518476536,285.63499999999993
391.9132716406869,313.518
383.5424480270501,293.259
369.67734423411787,285.80999999999995
333.41355319459984,258.1619999999999
269.0724509791508,210.55800000000005
222.42596722955994,186.586
176.4357743613918,161.677
130.5342412315683,134.611
133.32203418855894,116.088
127.39513234155896,107.411
134.77960333350134,124.30900000000005
145.74663600667625,123.953
158.3734761283624,154.933
198.7214250277239,172.71099999999998
212.85253866541524,226.666
216.01058393144257,236.10200000000003
228.63227505086545,225.24399999999994
205.99173895443926,204.78599999999997
211.9283737191597,227.53799999999995
191.5965370017861,210.39
183.77670717410427,226.64600000000004
213.84997358686934,250.357
250.58943905280682,298.259
306.93419675564485,356.657
339.4871158588681,400.0719999999999
324.1133775441929,385.327
318.79927282184633,360.64300000000014
285.066007400485,311.48900000000003
227.50575348960348,247.60399999999998
160.78940282117227,184.32500000000005
137.39016801806824,147.99800000000005
117.36853259257529,140.77100000000007
110.78039704769458,136.978
107.11416122717978,142.51900000000006
136.12272547860798,152.99700000000007
159.87663569134486,180.81699999999998
207.20572910020277,221.01399999999995
214.16813717639891,233.6329999999999
182.186518040307,185.18100000000004
165.43873272344237,168.832
155.7216811953529,167.226
161.57908151682284,150.20499999999998
169.2529433124041,172.524
151.3513786354165,169.09699999999992
154.14389883040263,168.29400000000004
187.02680769889304,187.3060000000001
220.3080971483154,241.50099999999998
281.97338000872344,334.53799999999995
293.891435740482,373.961
298.97469244933325,392.40200000000016
280.9972511549773,374.6529999999999
256.26240472430175,339.89800000000014
211.88215296314445,254.85699999999997
166.8517821874985,198.42399999999998
140.7715650338152,154.89700000000002
137.60580861449748,125.767
130.65363578192438,136.13299999999998
132.27516580453067,141.04399999999998
147.04705484859483,153.10999999999996
173.94694649298702,179.31500000000005
216.10904129141005,234.50299999999993
228.15628296937842,252.74999999999986
185.78807233758474,206.276
169.10886726382688,188.26299999999992
164.9700148952616,173.85500000000002
153.66818988417253,177.21699999999998
171.05062343709199,167.477
163.63983981667275,173.83300000000003
164.1578676504015,184.60300000000007
185.91772984475742,225.86999999999995
234.86565646406757,269.644
318.54029895126837,371.4840000000001
348.5697477336355,399.047
361.19212697269677,393.8610000000001
343.39641631242114,388.242
309.2328158310547,331.59099999999995
237.79459550027727,264.5050000000001
186.96045351191546,196.627
149.47792401286137,158.14900000000003
130.0754487839102,133.98800000000003
135.2873485986732,128.14499999999998
139.00476432612152,135.50700000000003
151.00141431602498,153.151
177.2075493623579,198.605
228.52188414671957,245.91299999999995
245.4373697975122,253.20099999999996
200.10600390672857,225.35999999999996
182.15967435077638,200.21600000000004
171.04442451704114,201.8019999999999
169.7514461700066,199.0
167.2862046329283,200.745
170.42234264936707,200.572
178.1114401840639,190.973
212.66523790402928,199.42500000000007
257.1946422778302,265.24899999999997
354.3827495106558,335.945
381.9002958309702,389.1829999999999
380.9698232669864,408.95400000000006
373.53068832109165,384.75000000000006
323.0632156932908,328.40200000000004
255.9727508449134,251.16999999999996
193.11107832824428,202.90699999999998
155.2659256131667,157.20799999999997
132.19998389014665,136.56699999999998
128.8751311332174,133.93399999999997
135.6247763734566,141.19100000000003
151.85523247215065,169.81400000000002
191.9871780657464,192.67399999999998
239.70808083705057,248.16000000000003
249.73530853580678,270.015
217.89571456864428,221.37600000000006
194.43608736140354,186.6929999999999
191.88705081837622,166.31300000000005
188.9375727867449,162.11
189.35077011436178,162.58
189.34017951417917,165.11699999999996
184.73678298488738,166.24699999999999
200.63696808599303,196.07299999999998
261.618703443223,272.6099999999999
338.82087173786863,342.7530000000001
386.10711503678806,381.947
400.40926948878473,375.21400000000006
379.0735186955207,367.073
323.96409741700484,328.2740000000001
250.28112324406334,262.9909999999999
198.87424027446235,195.788
155.61079648990943,146.03099999999998
130.54069504102526,137.27900000000002
128.39009002045816,137.753
136.9053174019062,147.12800000000004
162.49152853419628,177.00199999999998
190.00212352016447,201.70199999999994
243.47557912903224,234.33900000000003
261.1880262176205,267.674
217.9224148106627,205.34499999999997
187.1437081121122,200.55700000000002
173.46925852675764,171.305
170.09734375698363,170.21200000000005
171.06016640175312,184.45599999999996
173.0816909997363,188.71800000000005
172.1206344035468,147.914
198.09791571181927,201.15099999999995
269.45134045816746,262.81000000000006
341.13677650064676,329.6839999999999
382.35357093481696,351.90700000000004
380.36832747260917,327.235
369.8457986653094,316.7130000000001
326.9731598142681,285.85200000000003
259.46294006734814,252.64
213.93388480722376,229.97099999999998
175.78070960416278,190.74899999999997
155.38860215930993,159.291
134.4314723077934,149.572
122.88402951154201,154.66699999999997
135.0852792010711,159.76400000000007
133.8691876310951,166.81500000000005
159.93698277013158,196.07100000000003
181.51199310817526,244.38900000000004
226.19039624766071,232.45100000000002
232.63474534842047,244.6779999999999
228.74705491864046,233.81099999999995
207.53676144605882,227.22299999999993
224.2278835148466,212.58299999999988
205.32465650327825,205.30699999999985
214.78322208177536,219.47699999999992
238.46099929488844,234.3480000000001
282.61893979921604,295.67
340.20502661774924,340.66700000000003
379.6421336808804,363.163
363.573196189527,359.64000000000004
343.0570261935568,331.4859999999999
300.2626172122314,301.3669999999998
240.91394834414368,243.14199999999994
217.74331222052336,215.66099999999994
180.64299253921507,181.776
153.36154525283365,155.79100000000005
142.61276358443178,143.58999999999997
143.49054650611168,141.81400000000002
149.59251892359205,144.837
155.33501620481752,140.08100000000002
183.24036254357117,162.113
223.46111877618284,218.30499999999995
229.34955461378365,260.331
240.1147851821782,260.07099999999997
231.1459855078438,237.69
221.94766906990765,228.71700000000004
214.58904460988362,232.90499999999997
205.01268338864958,219.54300000000003
217.7404782691441,236.95500000000004
234.24765033818886,258.08200000000005
291.65672830349627,308.67999999999995
339.3940419086714,373.049
365.87367438938037,394.38599999999997
360.1401677763735,382.75199999999995
333.91563115690803,342.9960000000001
301.82410650324255,321.23500000000007
243.01865992032492,241.69499999999985
188.91321108722673,169.93099999999998
145.80573708023746,133.40099999999995
128.06710232882853,122.27100000000007
131.57810107799165,132.674
141.3775922342194,137.09300000000002
169.96000908715598,158.728
195.72992000973613,179.45099999999988
235.16787052519354,217.88799999999995
265.3580235465945,236.12599999999998
208.89804868908328,198.92299999999994
196.6862314131192,170.248
172.07514037093307,169.65800000000002
170.61414552712318,157.21299999999997
180.57026828606,171.68299999999994
183.65399850867828,155.536
156.17136046257002,150.39200000000002
202.91405611497458,173.87199999999996
265.4456942784556,230.74200000000002
333.93476704190306,310.74
360.15078676320127,330.86199999999985
340.783729039404,342.67600000000016
329.65403490875406,331.80999999999995
297.7442509860293,290.52099999999996
256.0878918896969,216.584
182.0165162055316,172.897
139.84961180690124,138.28500000000003
126.33609269314987,122.76
133.92119682659217,112.73800000000003
138.75419026283737,112.756
161.36916594382535,132.00900000000001
184.7027051268547,180.82799999999997
224.34422621064903,201.548
245.2598347668913,229.33499999999992
202.69838264801308,182.96800000000002
179.29277837813902,167.23200000000003
168.90170575900586,164.61
161.2349132067327,151.243
174.65370225525072,152.47200000000004
164.4545121883547,148.74499999999995
153.31575360663078,154.51900000000003
184.34247021743022,176.09500000000003
243.8064633938153,230.017
319.64383846069336,287.675
341.6198639563969,326.022
347.00668973780625,332.2940000000001
334.72433427052476,315.09799999999996
294.98178897196954,289.012
230.60545047558026,231.41899999999998
177.90586344200204,174.11600000000004
140.02667251389056,136.83100000000002
122.6922112964358,124.882
118.18974507555376,119.449
120.07748479089676,111.92700000000002
141.24013299421833,145.235
185.77011487221233,181.84100000000007
209.3862243836399,214.7720000000001
235.10029732338063,230.30299999999994
187.9916159863505,191.54299999999995
171.04908858015145,184.04
167.40080638100147,159.058
154.92786843459606,169.29600000000005
158.87814361066484,166.03700000000003
154.01198659945433,156.39300000000003
155.24342378584197,153.54700000000003
179.30655343259502,184.515
234.3669030363775,227.99699999999999
296.0863621098849,297.1590000000001
332.34230512772774,326.033
338.18587413165096,342.9140000000001
320.86323648357074,336.634
291.95158680269924,294.3670000000001
231.99444130029678,240.363
175.33842359125254,186.9739999999999
137.61377073020145,150.76000000000005
132.77226196234244,137.52100000000007
123.21879733103322,131.77800000000008
116.47327852290918,132.94
147.06788987832942,146.97199999999998
184.73304087944823,174.00400000000002
214.50016343283983,213.178
232.23960964825633,250.803
190.45500907043106,199.46800000000002
180.27788855390435,165.998
161.1878851241425,163.53200000000004
165.6838431478522,163.86200000000008
164.10603213896243,171.49999999999997
155.62091637024514,182.845
154.6547172851347,162.49399999999994
183.4710822030736,175.98999999999995
230.6711636820271,225.04400000000004
297.0966791642608,303.91499999999996
328.8358700050582,337.4460000000001
343.4886703322181,333.686
334.14843496480046,338.95400000000006
294.23929238494617,300.341
238.46042151593676,228.31299999999996
183.96600069655176,173.07799999999997
147.20350516859946,148.09500000000006
135.16330731348637,134.04899999999998
128.54973951663985,122.18400000000005
127.98998135409107,138.911
146.19948933698066,172.07699999999994
177.1940180391622,181.83699999999996
214.83825843689078,212.46799999999996
246.87640955086889,242.19300000000004
197.0115156877577,197.2
169.94188833058817,181.625
163.14284811038385,166.48200000000003
164.5278390801854,158.76799999999997
169.82855429687046,156.33200000000008
175.45117132001678,171.745
159.85470640584302,160.796
177.66023208077758,176.70799999999997
226.7035039816359,231.37799999999996
302.46814595545106,308.3329999999999
335.23461770902566,312.38800000000003
335.9048408066575,329.60800000000006
338.2533129959003,310.27599999999995
299.9023194494765,266.722
231.01935376747917,234.87399999999997
210.5076377117212,197.30700000000004
179.71009630015712,168.666
145.41168029754724,134.01600000000002
135.7198313848713,123.11599999999999
135.91415429312383,117.91800000000003
141.46458466991456,136.926
141.74846849104415,151.80400000000006
166.4096122812602,154.16299999999998
219.50231825046023,206.49399999999997
249.08335888412643,214.41500000000002
250.84522658051677,258.6939999999999
233.26123580055975,222.51799999999997
224.91615826549798,214.344
226.0620204787441,213.37699999999995
214.05108330077377,225.26399999999995
228.6480082537053,216.83399999999995
248.2059831421697,218.359
300.8980701798264,233.82199999999995
360.60648113437094,295.87100000000004
383.37675935916724,329.656
372.86382664325464,321.499
336.87252286671236,320.00200000000007
313.1169416661178,296.38
240.7681877903249,262.79999999999995
203.44310426462664,211.81599999999997
172.61914024944798,177.918
142.28538230571237,152.45999999999998
130.23040824914406,135.223
125.27099118480164,133.78600000000003
141.44631198268507,140.873
151.8855749802184,145.13200000000006
158.8078415415838,168.108
210.26895649362433,200.70200000000006
223.13465024920134,239.28500000000003
257.5547500893795,229.36500000000004
225.644952459337,230.111
217.76364242038323,213.48799999999997
217.1822539222759,218.04500000000007
223.10263472281355,189.37400000000002
219.5570791187244,192.25799999999992
227.21942253171107,225.76699999999994
251.31869270047576,271.1530000000001
314.53907093032336,324.0270000000001
346.8425751149274,346.48300000000006
338.46520453203993,352.7839999999999
331.1619230167702,342.905
304.81680532528344,308.55099999999993
259.3453904532747,241.55200000000002
184.74337300365596,191.147
151.54364924462052,159.67300000000006
139.83637666110525,138.03599999999997
125.92494787433604,132.386
136.80873656708383,142.129
162.9024140876393,158.94
179.09603362590167,189.75399999999993
212.55850952426366,227.69799999999998
243.65846814170337,237.42400000000004
196.9453031349523,178.21900000000002
177.8019880058594,172.614
165.48561847306405,156.75500000000002
160.24021499280633,159.28600000000003
160.3444195910242,172.005
173.3047763318673,173.88400000000001
159.96182162031738,162.84600000000006
176.43382218603904,174.52799999999996
230.4465857129092,228.19699999999995
307.7050946949827,317.423
320.1225797922066,341.83299999999997
333.7456649782283,352.02599999999995
320.02420266845706,333.4889999999999
278.3039234313478,299.9210000000001
235.01269618593227,240.83400000000003
185.02217460538986,183.84299999999996
155.21126676508425,140.39100000000005
128.65429738763518,133.37600000000003
126.38107742874948,129.95000000000002
137.42858121454495,125.34800000000004
157.4307753602586,145.08500000000004
185.34146194764267,176.69200000000006
222.39879352880928,213.0949999999999
237.87845911451427,229.48799999999994
183.78271405997953,178.02800000000002
174.85438064473857,174.74
159.14686733861774,143.58200000000005
159.31249108165792,149.074
167.94094580193234,157.07800000000006
172.35166629158658,144.73000000000002
161.47442889624799,154.97900000000004
175.23002893259073,166.55600000000004
230.00970316256212,213.96000000000004
315.7505232106269,281.506
336.56696254935207,304.8520000000001
346.28406139717936,315.86800000000005
329.235088673438,307.92
293.7833639527096,266.35499999999996
238.59542290481568,203.466
184.07733834977094,158.676
144.80674513280175,138.02300000000002
130.5660598074602,119.84500000000003
128.05196234308335,119.776
127.84202533310153,128.401
148.38460641847038,143.13400000000001
179.51632402834946,153.76299999999998
216.13997217642685,205.3
232.24932740707493,216.76500000000004
179.4462043540868,182.06599999999992
175.0662989866239,175.61899999999997
147.7016475328855,151.353
152.7592199017846,154.53999999999996
160.787272566482,158.563
152.87862642907916,163.65800000000002
157.56507684779484,160.48899999999995
169.3972474233234,187.55799999999994
219.80194738724674,228.61
292.27679828808465,284.47
315.23271222796507,324.47700000000003
325.88953685079287,315.6690000000001
315.0099081832472,313.80899999999997
275.21834953737334,276.754
214.6799177889904,217.34899999999993
166.78829069586374,182.1739999999999
141.26488783045514,142.80000000000004
127.27944085732109,122.17200000000001
125.0144433060469,119.86800000000005
129.54115483297286,123.02900000000002
146.25700317149025,147.793
162.3674107069035,173.44899999999996
209.33609719433755,226.49800000000002
221.04538091209292,246.51800000000003
182.75268093120428,208.16899999999993
175.94275358015554,206.61599999999999
150.86074426772205,196.85099999999997
154.8371202962348,185.1639999999999
159.29685585051288,206.779
161.47375669104537,206.31400000000002
159.65705606133736,203.98000000000002
182.1023895634906,231.471
225.6264780755483,270.09399999999994
286.32158338173883,314.52099999999984
322.9607474150275,350.828
318.57891941610325,349.5680000000002
314.95924566886623,336.60100000000006
276.81606782722895,331.45200000000006
217.21602113378407,260.0799999999999
178.3154385431682,200.43000000000004
142.3454527365588,174.02700000000004
134.7948890848768,145.437
127.0355195797734,134.44099999999997
128.1054872166552,139.59500000000003
149.15841620592835,155.4129999999999
171.61147469419433,185.3969999999999
221.9432974198221,244.2369999999999
238.59091639567202,258.0189999999999
199.07296186464208,216.10899999999992
195.06067699477856,194.695
178.8695758496201,164.45099999999996
171.24141787074618,161.147
186.5530146791956,179.55900000000008
185.6458258310728,168.08900000000006
183.99888579243338,166.00599999999997
210.07836470692143,209.027
249.36902362172935,247.25
302.40297993503293,343.75699999999995
338.72170262713087,344.721
337.2133240599756,341.112
327.850576183186,319.94899999999996
312.2348586092263,322.53700000000003
244.1422274970927,264.4820000000001
202.44621889252176,219.723
171.87890220442972,195.59000000000003
162.6062459922523,154.89900000000006
141.11897416780147,147.16899999999998
136.5795952101233,139.22599999999997
143.702823467416,146.91600000000003
148.93074575221598,174.00199999999998
166.7906554480321,179.95199999999994
203.72722283270627,213.858
234.1544913936732,217.59799999999993
237.82714796364814,221.80700000000007
229.84670023735447,218.62
214.53488254591656,204.35100000000006
217.32433984699276,194.19400000000002
199.5788306297669,177.046
201.72647022386795,193.975
228.4980587139637,199.26000000000005
268.2362665159774,216.913
322.47213600039026,288.265
347.25033324400306,325.6719999999999
349.87389879613886,303.65100000000007
338.67051676405157,289.1070000000001
306.5154441510246,253.8049999999999
245.80302326345802,215.6049999999999
207.93920488870378,189.15499999999997
183.90885269394778,164.202
136.07099395014586,136.77699999999993
131.73913241882352,126.22300000000003
128.90918765398038,119.99499999999995
139.29613206268834,123.80099999999999
162.48016959369278,139.52999999999997
172.43133603450403,162.33399999999995
209.05605174788252,210.515
222.2564797182331,228.702
226.30440665241883,264.383
222.75520946048147,249.95899999999995
207.877482193527,236.50800000000007
200.66886016966774,211.1719999999999
184.384172949716,205.34400000000002
198.2644304653022,183.202
208.0738598324005,214.79200000000003
230.30904123520457,233.93799999999993
301.97607020383373,310.53200000000015
336.9093426482335,338.29299999999995
322.39512968624,331.696
310.36173195999413,316.4299999999999
273.0235639562069,286.6269999999999
226.1015300149857,218.48700000000002
183.36502706143534,181.685
159.43169335908593,140.31799999999998
126.14078465420154,129.85100000000003
122.95795457656999,116.20000000000005
130.49513547673962,122.38499999999998
149.50090622392432,134.43
178.8738152169016,158.64400000000006
235.88913000940389,222.59399999999994
250.59758462863564,225.79599999999996
210.60085224315998,179.8499999999999
192.93084065485004,152.0
167.45233919420704,156.224
163.63000548143438,174.47799999999995
181.20595681770533,166.91399999999996
172.50932722119694,166.882
170.58021937213167,162.01699999999994
208.29400871869976,192.95600000000005
246.67746922398567,232.149
329.7280877927077,317.6590000000001
338.5308049212921,337.56000000000006
336.1707686193886,341.491
320.27540467627824,321.04499999999996
315.8744395728155,279.97700000000003
256.5554758107061,219.498
198.13279978484638,185.90500000000003
150.98685697215876,138.233
127.75180038983414,129.015
119.46604980977406,119.59700000000002
126.02125104260026,118.601
139.83150854551008,134.449
165.42430314983307,166.897
227.34466953505697,214.224
232.99760261091131,240.09300000000002
188.76168382536946,180.21599999999995
165.69745081348606,163.643
160.70100780890976,156.188
172.14894068838066,164.98700000000002
171.94292800403719,164.261
169.3210569950071,155.02100000000004
164.65226810152572,147.70199999999994
198.97469369121137,162.05900000000008
237.95759078534775,202.23699999999997
321.53013595512857,277.362
338.29667765334455,305.35900000000004
340.0213401752095,306.46799999999996
320.95748526539444,298.144
290.8902572564937,274.453
230.7454238532548,219.75499999999994
189.87811213775254,156.45799999999994
142.52777904369822,132.10399999999998
125.91655191419694,119.09599999999999
118.02285855621156,116.457
119.2901808608141,114.495
135.9697910154258,136.778
167.63861795481404,164.53299999999996
217.90742798659267,223.58699999999993
239.1776188109659,207.8699999999999
182.87265785237864,162.74699999999996
165.33303944179968,152.294
157.70613243768895,150.80900000000003
166.79123493383955,141.969
165.93313993093437,156.70299999999995
158.65474633871978,161.96899999999994
151.66451317668174,146.97700000000003
171.76134674273823,156.07699999999994
213.04460396080256,202.77300000000014
289.1583883255655,269.677
315.91177379396237,301.879
317.0340524974454,306.70099999999996
305.58768985572397,288.889
280.6791932334863,232.53999999999996
223.88099497960798,198.70999999999995
166.068125126839,163.957
135.82763752508424,133.93299999999996
118.556592012294,110.63099999999997
116.01400811667534,111.658
115.67946313445813,109.57999999999998
136.34958606206814,148.45100000000002
165.19115299856367,165.10499999999996
222.07713943926206,207.163
218.8758037962429,222.36800000000005
169.6097481967717,174.99400000000003
157.60135249148868,158.69600000000008
153.31582883237428,163.94500000000002
149.94878367098892,156.5039999999999
160.1244335057341,136.62999999999997
162.16585551844733,163.99199999999996
148.35815773823992,148.27799999999996
160.89312778945515,169.19599999999997
206.47897513168098,192.515
275.0940661759952,260.7459999999999
307.13066559228116,298.1249999999999
311.18319640894845,307.342
294.2411643790289,312.78600000000006
247.7780760839658,265.90400000000005
207.55514409645536,218.76299999999998
166.23654409269636,167.96499999999997
135.4762968172078,137.46299999999997
117.86537030576237,131.01700000000002
115.75158765710228,121.14699999999999
112.07767282433367,126.44800000000001
146.49663996159057,137.84499999999997
165.85053332541307,169.18399999999997
212.10124088834584,223.47900000000004
223.07110051363702,213.92399999999998
175.01578347867377,199.36399999999992
159.26452544332935,159.0709999999999
161.8888317588578,147.47600000000003
154.632090372353,160.549
144.0884939253329,169.3990000000001
165.59614860689456,160.488
149.4443680230283,151.44600000000003
168.73034870076248,161.38999999999993
197.17831196079598,205.778
264.9578117526462,285.0490000000001
301.81614467211483,310.897
310.338455989816,316.7940000000001
309.697441590744,290.543
262.2933914455064,259.1770000000001
216.84583415165412,224.32199999999997
191.67158287564064,175.36899999999994
168.35228199333267,157.11700000000002
135.02239287506225,130.14999999999998
129.2457346160677,124.39699999999996
124.12743346922068,122.13199999999998
130.9995723672605,123.50599999999997
148.26001513168148,144.74899999999997
167.15632401233566,174.26300000000003
211.5074688123858,193.56199999999993
227.07064888130452,212.74900000000002
252.70869177207555,223.61499999999998
239.871913928486,212.26400000000007
225.72737751712106,211.87600000000003
206.55497806078174,191.08299999999997
198.5480520752916,183.78099999999995
189.34228342014535,185.625
214.4504348137222,201.23100000000005
234.2001487478171,207.59900000000002
309.2877574819741,244.95900000000006
338.59136927445655,263.8159999999999
329.9917803797231,264.67599999999993
315.2940763696063,249.50300000000001
283.72780123805205,219.37299999999996
221.32650070297404,203.35299999999992
179.9956200711134,181.64400000000006
161.47437659165126,142.50900000000001
120.95085340437045,122.48700000000004
117.53195156830375,119.612
117.24216170209507,109.833
122.1864790448104,111.21700000000001
144.7820093756999,122.94300000000001
171.92711416434247,156.13600000000002
198.7436207208636,181.37600000000003
216.43569166389463,213.04000000000002
231.8461167740249,235.95200000000003
221.73063468247688,211.06100000000004
218.01310083359684,201.167
197.0027198226893,179.60399999999993
188.82567843859388,192.8820000000001
189.0449846035279,180.47899999999998
206.15994116318146,184.471
215.61720127916175,204.139
263.26156119868415,258.1190000000001
288.1447740508866,311.871
289.5790954166451,310.25200000000007
275.62429324631995,295.66
241.00130754748508,245.65599999999995
211.5183371128469,206.004
166.29309875066787,161.051
137.5624516134573,130.306
123.29320799113027,107.07600000000002
117.17693967484242,108.09399999999997
120.95265143297341,107.29599999999999
139.41306420946438,121.44199999999995
167.68935666005962,155.96999999999997
219.76430378486592,204.056
218.13818668906788,212.18199999999996
190.78066617165956,175.488
160.4539478664217,163.535
152.8949652083095,168.81399999999996
159.83306619186772,154.575
161.9413150690409,151.733
161.7879937976273,153.15800000000002
151.25251265359137,142.04299999999998
163.55854827514918,158.501
203.9352962665237,195.61099999999988
278.63222526475465,265.033
307.9762437860373,316.19
314.3978171046514,307.432
295.4342566811929,290.27699999999993
260.859666240763,273.343
222.43644282805866,209.49599999999998
168.17492287061026,175.43300000000002
134.47849359060336,147.366
121.78387672276295,122.56300000000005
116.29857834408422,109.41999999999997
114.4104466691243,118.78300000000002
128.94795957109903,137.93200000000002
161.86546188930575,159.90900000000005
210.16499948340874,226.19
215.2734397905664,240.039
181.88278335095177,190.113
165.42937823990925,160.45199999999994
164.46252414114895,152.64700000000005
155.49497255371793,161.211
154.71955012117036,167.79000000000002
156.3337393472927,160.67900000000003
144.4585312063872,150.567
160.05551606057935,167.97000000000003
198.32671326683737,212.41599999999988
268.8526494515622,309.21500000000003
313.5720813600289,347.13700000000006
310.20627079300425,380.3630000000001
292.9566927461101,358.5630000000001
271.3839560062863,314.0540000000001
213.04207792338082,254.77300000000005
173.60552087165013,189.09900000000005
143.78404417443588,150.71399999999997
122.54053449533565,133.51199999999994
111.19105787891756,126.60600000000001
117.67278627223942,130.84699999999998
135.60817227885676,142.89499999999998
160.42372725773714,179.43100000000004
220.93842820558757,230.93499999999995
232.23416851926757,239.48399999999987
186.56303242074483,207.57199999999997
160.89022175019124,164.132
155.56700021560704,154.195
159.28224855528336,152.55
163.2263742219426,163.30599999999998
158.7801849292647,150.42000000000007
148.77461949823274,142.651
166.02745911377548,155.885
208.74709732664752,207.11100000000002
297.78198816851864,321.4649999999999
335.15635564893284,347.0780000000001
354.3250523881922,370.8389999999999
333.4343095212207,360.3969999999998
297.3023387496372,310.257
239.7550893160448,243.769
182.11779559293427,178.48099999999997
147.224128047889,152.35100000000006
135.19180921181817,124.58999999999999
123.6635034387009,125.25900000000004
127.93128085501871,134.045
141.55223943722706,156.7059999999999
173.6879611340412,195.23199999999997
227.81280316420833,232.50100000000003
236.93635623862713,246.72199999999998
200.84768113879406,204.37900000000002
162.32720424651956,190.76
154.03341837497726,174.932
154.88099326871438,183.885
163.10632415565664,173.175
152.16851392509037,183.361
145.5495373735435,168.757
159.38656235522697,186.8060000000001
208.31906922847693,252.04500000000002
314.85219847163404,309.0570000000001
342.0979302382681,355.88599999999985
363.66594768680653,355.5039999999999
350.6674431798282,345.55999999999983
303.8879475652849,311.4279999999999
240.4893090802829,253.68800000000002
178.30501093355383,188.80200000000002
150.06036921254776,141.73100000000002
119.01554566021389,133.96300000000005
120.11012202269836,137.784
128.72938573810234,124.19599999999997
149.35632503804962,142.51399999999995
186.1930424233887,190.22500000000002
230.74761170390303,228.75099999999998
243.9154862268402,253.64499999999998
203.30151268815536,202.39199999999994
180.55072394507056,174.43
166.14454362969076,167.56799999999998
172.14923559005126,158.05000000000007
168.02494188684605,163.92600000000002
171.9301477520192,177.94700000000003
159.85233536458804,172.54199999999997
176.31147805959665,203.35400000000004
235.0817447157433,245.41600000000003
307.30473913580164,301.47799999999984
347.45612975098,341.69000000000017
352.9433879568811,292.237
343.6720232673201,305.34
306.6027365081021,273.534
248.38582957163624,222.54700000000003
201.90662646171643,184.456
159.5840618917965,167.39800000000002
139.04900110648902,135.70899999999995
133.39315556622523,127.44199999999998
122.04118538569492,120.57699999999997
121.75613623141066,127.07699999999997
133.72834199058718,143.37699999999995
163.5811847625409,173.70500000000004
187.33480790298822,215.231
215.11626624539804,224.09199999999996
235.95269875406768,225.72500000000002
214.37532660520134,215.86800000000005
205.96861037559472,210.43700000000004
184.97475970191363,177.96
193.53499648766433,175.284
183.74155337810643,178.74899999999994
192.5492647340627,196.46299999999997
209.1784103020181,214.9719999999999
261.4963095929206,254.96599999999995
308.7602324249875,268.41600000000005
307.2275300465458,275.7409999999999
292.9580224430488,265.9630000000001
246.54325371725596,233.912
208.2104610030123,215.83999999999986
177.4188592929678,168.785
157.98645662208952,154.445
126.83455960652928,138.778
119.08806223419474,124.70499999999996
115.12980614629637,117.428
121.29350548835461,129.25199999999998
138.03729619772272,132.90800000000002
168.13376785604805,154.20999999999998
206.5410565964537,179.58
221.37283114025098,224.70200000000003
227.74099809285218,229.68599999999998
215.56367479483058,219.85099999999997
210.11916650969306,212.52400000000006
181.06458633867243,185.25700000000015
180.48075954940919,183.91699999999997
180.18224864296937,181.72400000000005
195.49106780462546,176.95700000000005
214.35972596673264,208.20099999999985
257.24135023503834,271.04699999999997
280.6927129707467,305.44800000000004
288.2110574001762,316.46799999999996
277.11037825499426,293.63599999999997
241.2401972310806,262.49800000000005
215.9680616988842,200.93500000000006
172.87498798449263,170.18599999999998
139.23888307053818,145.60899999999998
132.84392317844117,125.238
134.27492140300538,118.24700000000001
125.51515230832692,117.80599999999993
144.4003677273542,128.62199999999996
189.2745239489612,152.786
227.4588584866671,199.13699999999992
249.42804469697413,223.63100000000006
202.05381359470047,167.54799999999992
175.4703818153256,144.08499999999998
166.87552606812156,159.637
163.85039287842147,147.9070000000001
165.482440507806,157.31400000000002
176.05634750463952,153.02900000000005
167.22860871824736,144.86899999999994
193.7149014775248,156.53699999999998
239.34097380041896,186.56800000000007
301.78300548529023,276.0010000000001
342.6052165419129,327.10699999999997
310.8964267042851,317.09599999999995
319.8154257498337,288.869
286.05970828785337,247.5940000000001
231.23147736688884,211.0970000000001
183.1746732632671,155.639
149.4482137576117,133.42200000000003
121.71530366087063,112.98399999999995
119.79560200536253,104.35999999999999
118.89437572210252,104.022
133.001342969483,120.56200000000001
164.44687753747834,154.027
209.57260270040265,193.40499999999997
232.86401107932375,214.43599999999998
178.92782297031502,173.16299999999998
155.2846841191789,158.93699999999998
162.86942423777748,150.12199999999996
153.1878186212897,163.50899999999993
160.184162136419,151.11
160.36673250380449,152.70699999999997
152.06193329787558,139.03300000000002
169.13703453398284,145.77800000000002
205.0895389474818,178.077
286.1178587338415,244.25000000000006
334.6695177763476,314.38199999999995
319.5801602374826,308.65800000000013
301.1238666179323,292.936
262.61561781150016,245.00900000000007
220.95119993518034,196.76099999999997
165.02666149772924,174.57800000000003
139.23395041408645,127.71400000000003
111.08028312939004,114.636
106.64541850116385,103.564
108.82289460670157,108.75000000000001
124.49202049733483,122.13400000000001
158.21187530352086,150.328
198.46973664606085,192.38400000000001
220.02422946529356,206.01800000000003
175.09218401325424,176.596
158.84402106700392,148.84299999999996
153.24431398248285,151.56700000000004
160.37008192944967,146.04200000000003
153.24507568010853,143.27200000000005
154.86051534314754,152.216
143.06739188362303,152.392
152.92319711888825,167.21099999999998
186.12897495856345,190.56199999999998
254.36725162958038,256.7890000000001
322.6910325049565,294.308
314.63155998964885,287.27899999999994
296.9856141768903,260.5390000000001
251.24831726810632,244.27299999999994
203.74648847802678,184.90800000000002
173.60750464557293,149.846
131.7914703659646,124.16700000000006
110.8534620073971,110.848
102.99851230511334,102.80799999999999
107.87125624251422,108.85000000000007
122.86249388444216,123.07000000000005
152.6952763728783,151.45099999999996
194.81214169633486,192.60699999999997
210.24777999618613,200.57300000000004
176.74865166503716,166.256
153.29949995915746,153.55
152.96725159860654,153.92200000000003
150.67035580283937,153.827
146.000997453422,137.21300000000002
153.38961501761793,147.89500000000004
150.07781858439188,133.18700000000004
163.92705196857065,147.51400000000007
189.6559282341102,194.401
256.6163276553119,244.86900000000009
302.95057287344275,264.897
295.84145646683544,267.6049999999999
271.19167152030263,255.793
247.94234730116,246.49299999999994
190.78380834938582,205.02699999999996
157.25655563852268,158.44500000000005
127.23799797806444,135.36899999999997
118.16310842671636,105.58699999999999
106.70395953420365,102.93800000000002
110.86886196505439,99.05900000000003
124.57661488490452,111.85100000000001
153.0543298075234,150.03599999999994
194.0509523549363,198.7279999999999
204.09294906883065,201.25
169.33771935508224,160.06100000000004
154.63866453552868,143.03399999999996
153.98371260885108,136.416
153.21857048453938,144.031
139.6987723306936,144.45499999999998
150.02157490670083,148.26399999999995
137.90944518962337,137.443
152.47490790241716,150.318
195.33905824193982,180.14300000000003
249.08700832348453,216.99000000000004
276.75774766854374,236.406
278.72780517825674,245.24800000000005
262.72470004138984,225.00400000000008
249.24272677217698,189.92900000000003
203.58264401398966,167.47000000000003
167.35402698199903,152.05899999999997
153.99639659614007,127.56100000000004
120.28371950873247,107.68899999999996
114.45516269862917,101.59199999999997
112.71223746032486,92.62299999999999
124.73702014907832,103.128
133.10802076496032,124.04299999999998
158.0370743120873,151.78000000000003
188.25285455157217,184.677
223.20624749435882,198.86800000000005
228.5582080017766,192.94600000000008
218.2154801708415,189.18700000000004
211.13197576253066,202.686
183.52123210041373,192.81000000000006
182.7985370997107,174.851
181.0266054569143,157.262
182.2768047774502,185.79000000000002
210.71658011429577,199.2050000000001
267.74651193156694,240.325
299.49909098065757,255.84200000000004
307.8809666459171,239.30499999999998
288.0803129759891,239.86200000000002
256.19636300814676,213.48899999999998
205.90696621289376,202.759
171.40208363626255,159.34300000000002
145.80989569449895,128.65900000000002
111.6658284039834,110.31300000000002
105.44326829333401,99.16099999999997
98.24020718231492,96.043
109.0764372128071,103.501
128.9962305558861,114.805
155.37448537147594,134.15300000000002
186.52930089745436,177.32099999999997
206.679805909181,208.39899999999994
204.4779273799219,199.95499999999998
197.26897544308008,193.84199999999993
206.57114794913628,201.57300000000004
191.76572690321908,180.566
179.51310456438415,186.48000000000005
164.71442747582694,168.91099999999997
187.9944961406166,175.49599999999998
203.209382268213,183.916
250.32132867065275,235.289
273.0579498209207,275.76300000000003
263.4595090668089,253.38599999999997
262.84138894668627,264.245
230.14420097378036,226.8520000000001
206.1148785686358,187.67299999999994
160.09410033796405,138.339
134.23885952747395,109.33000000000003
100.60136851700105,99.03999999999999
100.24196943322981,101.36400000000003
100.89202928044446,100.03200000000004
115.1047691947083,116.75299999999997
151.46027887107783,138.25500000000002
197.18646119253538,178.96999999999997
201.7259619854109,191.72100000000006
162.6434262371709,178.02599999999995
146.27845455943827,150.42399999999998
141.4561142104628,143.63699999999997
147.0095014847715,140.992
143.1642090580329,146.461
149.39370110112247,137.87200000000004
137.83923278992015,135.04300000000006
151.6551400476706,148.27100000000002
184.63004325909276,163.90500000000003
226.6418267232283,213.251
248.13311500201334,280.4479999999999
255.8512426160218,263.573
236.3320983525092,259.59600000000006
208.74332326262578,207.976
179.97455265612936,176.522
141.6544454809092,137.636
115.26580730263494,101.89700000000002
95.2306902941873,100.861
99.75870078891154,89.45300000000003
99.41696936276821,92.166
116.03732939450128,105.53099999999998
141.399461311219,139.24300000000005
184.84681564388328,179.29299999999998
195.48741783413163,196.06199999999995
175.05161466642215,160.24800000000005
149.44393552358827,146.21699999999998
143.22355222126748,135.308
142.5912507422541,137.82400000000004
145.86504825830042,138.24100000000004
141.9166562660737,144.503
136.68469684493252,140.09500000000006
150.42823312472763,157.49499999999995
170.34880781384692,168.637
217.1220194553006,222.836
276.36645990283154,264.8430000000001
264.61114355661135,254.39999999999998
257.3687914088746,241.94800000000004
210.18039888717752,199.164
178.70464040749562,165.68299999999994
139.8114176612246,128.92100000000005
105.32920713396132,102.56100000000002
99.84286582549146,92.73899999999999
92.6893824362719,89.20400000000004
94.27287826208959,91.75999999999999
108.48874636139541,106.84500000000003
140.23396938368757,139.03199999999998
181.02506359431356,179.638
196.19597714300667,186.45
164.22935618188228,160.588
147.54976787928854,136.51100000000002
138.6656189465641,137.88
140.19682391061062,131.20600000000005
140.7552757222792,125.87299999999999
144.29793552520775,129.13
139.60593784340867,136.89100000000002
155.82572125406682,150.49599999999995
168.91985800650096,168.05000000000004
221.56132927075026,213.77100000000007
267.8601850035533,256.86400000000003
257.2279184971665,256.2700000000001
245.77805475865534,240.82699999999994
201.99473142195757,216.94100000000003
169.28424159231625,161.03
132.88654712871727,127.19800000000001
104.3700021322946,112.99799999999999
98.53199816641427,105.33499999999995
92.30523236914789,94.26499999999999
93.31401641939459,98.43999999999997
107.62743255881122,113.46299999999997
141.03817455599602,139.33700000000002
180.99126657089752,178.55099999999996
189.120414897489,193.49300000000005
162.13715481355032,162.38100000000003
139.87146316622182,137.45299999999997
138.60985996411637,143.72699999999998
133.65230604105398,142.147
130.11385004892438,153.35999999999999
133.55984147324938,147.56400000000002
138.3419996840973,139.43999999999997
152.43880887406303,148.75399999999996
169.6527719346035,170.103
215.85987356071263,196.76399999999998
259.82326653754103,228.90500000000003
257.3141625056785,236.1700000000001
242.7676024417642,233.11499999999995
214.6792882653824,223.925
164.69281593605896,168.058
129.78608210669938,134.75600000000003
111.573808748598,117.56099999999995
106.65367730913607,93.09899999999996
94.75215055468351,92.583
98.0444040865087,82.20799999999997
112.02199551688267,107.262
139.53082923408277,131.99
179.20300915010304,168.08700000000002
192.0571574679991,189.49
162.015788527758,152.93599999999998
138.7634143121179,142.51
142.0041863379401,144.358
139.4458886019609,148.941
145.13749532860658,161.44499999999994
142.7113249939593,146.983
139.19335221461458,132.025
149.95121674226255,151.09399999999997
170.41229275814322,172.22499999999997
202.33308343434513,224.711
237.88741493835698,246.69799999999998
243.67391008522657,213.5589999999999
237.15407571744024,223.38400000000001
221.80563650205795,214.59000000000003
167.1913824495444,173.99999999999997
148.38735519315344,133.78399999999996
123.74978629989296,116.73200000000001
101.97211924085752,105.676
93.91493320182872,92.24500000000002
92.82109510396674,86.893
102.19205965320651,106.69800000000002
117.22003539474653,112.50899999999996
140.24576881650134,129.82999999999998
181.4377524559118,164.21799999999996
208.79121266872335,168.31600000000003
201.23151989873523,191.07600000000008
194.60323745176163,179.392
203.3347257963119,188.89999999999998
183.95481785884675,183.04299999999998
185.09280901363732,172.21999999999997
168.38669500549088,157.33399999999997
179.5648310430317,164.69899999999996
189.2744295183251,186.36599999999999
240.11542857580062,221.1809999999999
277.188534331122,258.10300000000007
258.5180374500942,239.96700000000013
266.8531895725554,219.73399999999998
229.98937841005852,213.11400000000006
194.09373895338246,176.39099999999996
144.2985787801686,148.20600000000002
124.08599504638994,116.49300000000002
104.56113649739183,96.01599999999999
92.1043974925995,90.05299999999998
87.85786688443126,92.35499999999999
106.36101876681853,93.36399999999998
114.74109411396002,111.078
132.99775020826362,126.108
168.41927572242486,176.83399999999995
179.38253283732837,200.55800000000005
197.2542721052416,211.16899999999998
183.96929208155757,228.999
194.13178231869705,203.85799999999995
184.65433951836894,189.10299999999995
175.99420527199032,184.98700000000002
160.1737978413607,173.95499999999998
169.30310627133076,183.75199999999995
188.39454311950942,206.131
227.91170570532432,256.41600000000005
264.3346703813658,262.00600000000003
246.31866982054868,254.41899999999995
235.32874560951748,245.20799999999997
221.20287965959358,202.10500000000002
181.23142765913573,167.185
138.83841232088383,133.05099999999993
118.04191586405342,104.71099999999998
93.13271905726756,94.92999999999998
92.44543683965648,96.44399999999999
86.74003890448871,91.00199999999998
109.50637649131076,109.03800000000004
134.73830208809525,119.44599999999998
171.01620938352067,165.98099999999994
190.7814020753498,186.4860000000001
155.69923583254024,157.15599999999998
141.63306488396722,152.94
143.60337153721932,156.19399999999996
146.08525003552336,157.67899999999997
155.5513257552575,146.32099999999997
144.53830081716796,127.67599999999999
133.86230450828418,128.08500000000004
151.10108405888036,138.559
172.15316932700915,157.18499999999997
217.99731259013492,234.86699999999996
244.49508350723806,258.26400000000007
223.16281146823582,258.84400000000005
229.43392817162928,252.32299999999998
218.13728994621337,206.93999999999994
173.54686998033188,170.95700000000008
135.1948822695947,129.026
108.7432559272575,116.83400000000002
99.01008621071594,91.638
96.90193340802239,86.833
90.62370339420804,86.57299999999998
109.64711500866031,99.64699999999999
124.417453303973,129.383
167.9016111119816,172.54500000000002
188.33300381442479,191.673
156.97990273752617,176.77300000000002
150.13896730038527,145.67700000000002
152.3026205090249,136.60499999999996
153.72677997084793,144.613
148.87116486259913,152.55400000000003
133.24731632763863,148.046
130.6929642734954,143.52100000000002
143.03466443934286,155.31600000000003
162.33567610463362,186.30199999999996
231.11273553454868,224.39000000000001
254.47649613674741,257.13100000000003
248.6058191801278,253.32
244.80889414199447,238.378
209.65012371719155,204.39599999999996
171.70058164775438,159.02799999999996
130.50090837349842,122.81599999999995
115.01895215403695,111.751
92.0034406562915,89.67699999999999
89.18286885529024,85.20199999999997
87.74597771493191,83.305
102.33258491931316,97.849
128.81778029997616,146.79999999999995
171.4723200977009,179.73499999999996
191.09906302335102,177.888
171.6046586016188,150.695
146.33068063780632,139.64699999999996
140.2358451843382,136.56300000000002
146.3878380697204,137.854
151.37931904988073,128.76799999999997
144.1884434056861,142.004
139.66651429339066,149.92399999999998
151.62167930332672,144.24800000000002
179.27384147240633,170.98100000000005
225.41798679705659,221.29499999999993
256.1904408268363,229.567
251.71518248428055,243.24500000000006
239.36123023976995,223.7220000000001
205.81158111342984,194.63400000000007
161.94942170076553,153.55900000000003
124.62813070885196,131.16799999999995
112.64484480906306,108.08499999999998
88.70112296203285,88.513
85.67094935837864,86.561
84.12550973036184,92.25500000000002
98.65590322114599,104.81900000000003
141.48091661360957,139.04900000000004
176.77157974185758,165.18599999999998
182.6489117355826,179.97400000000005
157.02477894515098,156.82699999999994
142.2808328289552,148.48900000000003
138.15878558944837,131.544
140.4026704474328,132.84100000000004
136.06583095140402,115.814
143.09315961980968,142.909
146.53989826522832,152.765
146.9167019751708,150.34699999999998
173.93448391306197,170.292
222.86378967706023,211.84700000000004
237.83556828718105,232.22700000000003
247.053629424095,247.04699999999997
229.0309372930413,251.62899999999996
198.4510453635973,214.6670000000001
156.41264413187685,169.052
129.15792180722133,135.22
109.06710961864388,108.46700000000004
88.90014243706622,100.57400000000003
86.7370417079841,92.18
90.48325257349488,93.52799999999999
103.52292419216081,103.44999999999999
139.52253878295716,148.248
168.7347422289439,178.147
181.40410662087004,186.23400000000004
157.55381275018794,161.03999999999996
146.69245755185722,152.64599999999996
133.18788900665356,135.96300000000002
135.02655279931025,133.473
121.31738557399134,126.99299999999998
143.50783221907,145.776
150.8043088457822,127.99500000000003
149.10641330765318,147.35600000000002
171.58229095486996,160.209
214.74275111042488,217.90699999999995
234.32097539721332,239.473
247.8391068512762,250.43099999999998
245.21229281477883,224.71699999999993
209.880775085118,211.34
165.2197471650588,166.848
141.51314110244874,146.411
114.59958115199171,119.21800000000002
100.00534705158631,106.04999999999997
92.33618058410097,90.59399999999998
92.98243077492975,95.27499999999999
98.57244259544402,101.61300000000001
114.19201882107899,120.50800000000004
129.57261538844966,141.22699999999998
176.03515117400576,163.17699999999996
194.93194180777607,195.13599999999997
207.12157229450514,188.43599999999998
214.5168877121629,192.65500000000003
200.39212862183297,176.10900000000004
186.92929350271723,169.524
181.82989898938126,178.45099999999996
169.9232973817284,165.72500000000002
179.27228829216637,184.41099999999994
200.96560050077147,208.06099999999992
247.9180726099984,217.92800000000005
261.74660386311143,236.64799999999997
252.11395404164443,233.03500000000003
244.06778122077327,228.80899999999986
208.8422253556535,185.50499999999994
171.58805211544308,171.36099999999993
146.9515179638866,152.836
119.31381403710131,121.69699999999999
107.23298351127383,102.51599999999999
93.14602422295559,98.38999999999999
96.26568835257832,87.90400000000001
101.94920186070108,90.72800000000001
119.5180219502645,115.61800000000004
138.83598934172682,134.53399999999993
166.90394366245357,171.86400000000003
195.67787791188954,197.082
192.9244169605086,182.593
198.84394717578868,189.00100000000012
184.92146206564465,187.78199999999998
176.37028979181997,184.192
180.56904884954946,173.32600000000002
167.3137961183299,160.77399999999994
182.3168462149925,164.96899999999997
205.47085358475755,191.94499999999996
226.6379992981837,240.56400000000005
244.68928020615994,260.833
239.75035952400398,256.2750000000001
233.77712584469467,241.84299999999996
192.2532808171856,204.428
172.26526573925497,161.356
134.5802069979199,122.62099999999998
109.20546108654796,103.708
96.20384424659426,94.72999999999999
89.20192438796062,92.63000000000002
91.93420063342248,87.28400000000002
103.27033980447747,101.50300000000001
144.66185844805864,127.93700000000001
175.23901054001266,164.37699999999995
184.25708888440545,189.41999999999996
159.71715793247338,167.85899999999998
150.30914459767268,146.71499999999997
134.56959041884528,146.183
134.2650532138615,156.099
126.2429995865073,149.75099999999998
145.2724552179908,154.482
136.02230053236337,162.41699999999992
149.4609727368242,177.88899999999998
165.33357573314538,212.5
218.03340569114857,256.1109999999999
238.6648668391785,281.92199999999997
249.8338891923765,270.24700000000007
231.32051185797422,254.33900000000003
211.30190401622912,212.29199999999992
166.40233511306235,171.073
126.75819294928432,139.34799999999998
105.5459858292152,120.63500000000002
100.40943647851805,103.94999999999999
93.40408121693267,94.23000000000002
88.83072396907343,96.32499999999997
101.94363641623278,107.80600000000003
132.6718142067258,140.42000000000002
167.31664141738514,180.80900000000003
188.31325490639614,209.29600000000005
165.52102058595543,174.72399999999988
148.07046118847381,146.47700000000003
143.13108662096636,129.52199999999996
149.34065381463614,137.82999999999998
142.54686759779446,145.39999999999998
151.38829184179994,149.92100000000005
152.99765120272883,138.09900000000005
165.88752935134914,139.76099999999997
193.9370135076841,163.40999999999997
241.96930169192268,210.655
265.9234534050633,247.84000000000003
259.62848183133434,243.73500000000004
243.65968297016212,250.3420000000001
209.63829158501136,222.44899999999996
168.42901712951513,173.46899999999994
135.38046723322844,132.54000000000002
116.12010808172259,108.13399999999997
97.87364245357577,87.844
92.31689439982517,85.96199999999999
93.43119055811927,87.76599999999999
105.73223105682666,104.15199999999999
138.0746338588503,138.882
176.33123772124588,162.56900000000002
202.58857705877602,185.01299999999992
171.2867384136555,145.51199999999997
146.32240337240364,138.601
133.57204209359443,127.64399999999998
141.37347848118588,140.27999999999994
144.74194352560914,150.43100000000004
149.62848846878833,134.10799999999998
142.01940428314498,134.532
147.90646727306023,137.22199999999998
172.81728892337705,142.25999999999996
220.09413353510138,226.57299999999992
253.48631712591043,219.12999999999988
248.82104749238508,231.26700000000005
249.239941958391,225.65400000000002
218.9442386008526,200.16000000000003
172.1751350649768,165.14600000000004
133.09388177153872,118.55000000000003
110.23013214220593,107.24099999999999
90.68880987087087,89.12700000000001
87.6998487446026,86.80600000000004
89.41735500291257,89.24199999999999
104.85191077562666,106.12100000000004
138.99911437929646,140.40400000000005
167.36784731244853,161.96800000000002
190.44704653859532,173.67099999999994
152.64082570483828,159.94400000000002
141.81011949538754,132.824
129.43262132410464,123.94899999999998
140.79221761448412,137.81900000000002
149.05576878077846,130.39799999999997
138.77364460682503,128.01800000000003
137.04868745375884,130.79800000000003
140.55940182478946,144.28200000000004
150.79976463921156,143.387
226.24754484444088,196.22500000000002
230.33329112686138,222.05599999999998
238.9749192430844,225.48200000000003
234.30707195367904,231.4309999999999
206.3532792767138,218.09
167.26017115690553,169.17299999999997
123.32946846686177,131.846
108.98220858837259,103.11999999999998
88.43173074742944,88.38600000000002
86.57712988542157,83.52400000000004
88.97678840332836,92.30400000000003
105.68397881379732,103.25
139.71277410343103,140.42000000000002
163.34943317602665,180.71200000000005
178.6833041458498,180.195
157.70788581971357,160.04600000000005
136.19047019408646,135.51799999999997
125.509818504509,140.38799999999998
138.73233054657067,150.297
135.7090492154884,130.53199999999998
131.6757240454245,130.68199999999996
133.1806797593578,129.17000000000004
144.03716998854225,154.06600000000003
145.97095018759512,165.14400000000006
205.98380223368073,217.946
226.02237097204085,234.27400000000006
231.32201059745466,239.3910000000002
233.92347120104444,221.99700000000004
215.83998512072276,193.46999999999997
169.10532898109614,167.25299999999996
151.84575309632683,135.1
122.11901541146295,115.68400000000001
99.49381567238015,99.095
95.39799355088616,99.57400000000001
89.69563181485687,91.11400000000003
94.40954890596322,105.19000000000003
116.78593687682073,126.11299999999997
135.69075922072176,137.50300000000001
170.94027582383575,167.48900000000003
196.93838259634788,191.96800000000002
186.03938575926819,188.44400000000002
192.35607440153697,179.83000000000004
188.249948845765,175.40699999999995
182.68037247712323,171.03499999999997
175.57563880050765,161.34599999999995
162.32037443841733,157.20999999999998
171.5221218707263,162.846
197.12311332621607,174.02599999999995
237.04406459232652,213.84499999999997
256.9969130417623,231.77300000000008
251.86237605383062,233.63199999999995
239.76254653194135,231.12100000000004
201.73362700908615,190.207
164.70196444278756,165.21199999999996
138.96143313805965,141.07999999999998
117.34449260838359,118.571
100.49098622493355,102.92400000000004
99.06170716775523,93.88999999999999
91.51166159355127,86.97399999999999
102.68250764342034,99.26300000000003
122.7635378719007,102.74999999999996
136.15732069314004,130.60800000000003
167.94367178178118,160.869
193.16717389936727,192.33099999999993
188.49194224890152,185.62599999999998
183.50104481072566,198.68
179.10227568284185,182.74000000000004
175.0263334491704,162.78300000000007
165.50357738555562,146.25900000000001
159.5341268789265,158.56600000000003
165.06564712620445,159.43899999999996
180.35638130341636,175.56900000000002
222.89831663939236,216.62199999999996
240.4368284892053,257.82
240.70529334420257,263.57800000000003
237.0187589694314,230.805
194.65938197696593,217.38900000000007
165.40956363703287,158.381
128.0676180332835,126.333
104.2754423079383,108.972
90.24242190562461,100.66900000000004
84.8612855472135,93.47199999999998
91.56973661027898,87.56500000000001
103.63334792520024,105.00799999999998
140.22291011728356,126.41499999999999
175.47462955919767,156.94699999999995
179.54617623099966,180.15099999999995
160.00715095959126,154.91500000000002
136.52062126569962,148.01400000000004
136.46842015136224,149.10299999999995
146.61972861384726,137.368
131.78576633720803,142.17600000000004
131.160133165383,135.57100000000005
130.93055114906502,125.02000000000001
151.81203849404068,136.161
159.87153450724776,151.81200000000004
214.9163655773699,216.57600000000014
232.59878423029392,255.00599999999997
237.9204268211401,241.98399999999995
226.64149137822392,241.76499999999993
200.76507553544565,200.20500000000004
168.80889652564443,170.55699999999996
129.78223390273152,128.60800000000003
109.07444114719377,108.51500000000001
96.95663336736754,93.11300000000003
90.46272726694775,89.39500000000001
88.9519407304291,88.57000000000001
104.70314712825547,97.04500000000003
131.52103542795794,137.295
163.40859555477616,149.43099999999998
180.22633205675686,162.37
156.56765983049712,142.00199999999995
143.44031083395518,135.33000000000004
143.69413983667218,139.40099999999998
138.59471920558823,147.49899999999997
138.82559358218342,139.164
133.95267401973211,137.91200000000006
126.66579625275772,141.26800000000003
141.2914465890772,137.52399999999994
154.31941888335325,154.20899999999997
216.46595174042056,213.52100000000013
248.32825703449925,251.51799999999997
239.43829113438804,235.4410000000001
236.49198587369642,232.64199999999988
200.2376695082242,208.37600000000003
169.7973678415455,163.38
128.60673310006928,127.62100000000001
108.51721439301387,107.19699999999999
93.38207205782663,93.07900000000002
89.18686308253868,87.61000000000004
88.6884537160812,85.12600000000003
99.84009777291048,105.47499999999997
136.73767714687182,135.628
153.6060508757983,147.149
167.1698761210246,170.923
145.5671628618053,147.74100000000004
137.35065714774387,144.79399999999998
140.40332167252188,149.83099999999996
144.8879331820668,133.172
138.61588137395125,140.36300000000003
136.85331438873683,131.83100000000005
138.11338590337738,143.21600000000004
138.7293129736573,151.554
154.74388477538744,171.91699999999992
214.43446664110246,201.555
250.53559768525244,246.097
236.33683571942476,251.30200000000002
233.8468950578074,219.85400000000004
207.07216210992203,197.54899999999995
165.53298943410113,164.15800000000002
128.27029315492672,137.84500000000003
107.6743768465652,108.89700000000003
94.70391264429044,92.44800000000001
88.21937405420945,91.14500000000001
86.45979636424725,91.321
103.72438763587385,105.49799999999998
135.3508550982901,131.32999999999998
149.06216805218773,149.788
170.14755690299097,167.43099999999998
147.16771860272493,151.2500000000001
142.589922420321,142.54400000000004
145.2895482974058,131.76399999999998
136.582509355151,156.103
139.98945774292966,134.318
133.18926610341063,136.29000000000005
141.29531432295732,135.41500000000002
147.05716091251935,148.59800000000007
166.56363435445667,148.00000000000003
205.38140221375897,188.02600000000004
247.430750232242,222.04100000000003
246.5105986881779,214.61100000000005
224.20507381603107,209.05300000000008
200.68117361020407,192.64900000000003
164.7495038110838,160.863
134.73168731189853,125.43799999999995
108.72865115789811,106.103
90.95595087394547,94.96900000000002
89.63529084905156,89.601
89.36663952557788,89.02699999999999
104.71208034047207,97.34899999999998
132.60150907270682,129.43000000000006
149.31512496487682,155.40099999999995
168.2176445794771,166.39399999999995
150.57120222729293,151.19199999999998
142.45667492573787,149.6
135.49867989778969,140.84499999999997
149.71895548512651,133.923
135.78698396080648,128.31899999999996
135.99775049815452,129.104
136.71896002839895,126.86399999999995
148.30020671199821,132.54000000000002
152.68634993444076,156.33799999999997
192.82187508460726,204.28799999999998
228.79797803602625,229.337
223.95798464739954,221.7840000000001
214.48763689326762,215.029
196.25360120288474,191.944
162.31711858054769,174.55599999999998
139.4514902445942,139.47800000000004
117.75711088797063,112.94800000000004
99.19591060805979,95.78000000000002
92.25673083208986,90.13600000000002
86.75990397966564,91.821
99.09983515211034,92.01300000000002
108.27890767997455,116.20000000000002
132.80291123891067,129.57699999999997
163.26751027466156,167.55
192.49721447606203,182.22800000000007
186.22751279950575,179.538
195.07141543960972,173.3619999999999
183.10904045623715,183.39800000000005
167.67778209289037,166.162
152.56513532815063,155.82
160.08448926692807,164.17900000000003
161.87160524653189,164.88399999999993
177.25476609745246,164.948
218.31271569849235,198.07900000000004
253.85053473371596,213.04499999999996
257.44964483515326,210.95100000000008
232.60097296023224,190.79100000000005
211.7763993891798,188.016
160.07609055191926,162.54500000000007
135.0822844503253,130.13000000000005
112.123788546873,113.26100000000001
97.14124772702944,99.937
92.46591418990432,90.20899999999999
91.65986012262039,90.36800000000002
94.28365500097348,93.96499999999997
115.1173306387059,103.557
131.35167150685356,137.02200000000002
166.44376854539303,146.70399999999998
184.66974193852698,186.35699999999997
181.7940028698538,193.3290000000001
179.58009194696436,180.33400000000006
184.6930685062149,167.35000000000005
167.71715198465046,162.998
156.29060869396855,159.36900000000003
163.20705811784313,152.79000000000002
164.43147276603327,156.73400000000004
168.25028611453178,172.87899999999996
203.70483591620348,193.681
225.2388203009907,234.01800000000003
225.5817864888793,230.07500000000005
204.68487494799797,221.16900000000004
196.63887605809202,192.094
162.94759143102715,162.57999999999998
127.95554345006528,112.74400000000003
106.83551583141065,101.78
92.84541307412795,85.78199999999998
89.37276926262186,82.814
89.06160553060872,90.57400000000001
100.07065009459856,101.12600000000002
131.27951726420395,132.80299999999997
154.75541543979955,142.88899999999995
167.0847685869765,163.79199999999994
150.91377067773647,156.156
147.67474043265844,141.93399999999997
139.17837529384917,129.33100000000002
140.29303187301684,138.98600000000002
130.95363284519442,143.306
131.30298362388447,131.179
129.77829041993954,139.05599999999998
137.9451428512187,143.79700000000003
155.96585792463674,152.76100000000008
201.49236706677272,207.25099999999992
229.58022226703682,239.18800000000005
222.86347002897497,232.59399999999997
215.70212729097125,212.21900000000008
193.47746962297023,207.45100000000008
171.02228025820696,152.18600000000004
119.94421742999165,126.453
104.623233740856,110.80800000000002
89.95726934415733,90.18200000000002
85.9830772295824,84.137
90.89781412369823,89.24300000000002
101.01570129592128,90.17500000000001
132.64980400161932,128.64999999999986
146.88745013518508,145.45
165.9424488479171,176.07599999999996
155.26313784869143,159.33000000000004
143.2409422888293,138.082
132.53044609202868,148.099
139.41328901784703,157.835
139.74651664192925,147.14600000000004
130.99978863079514,146.536
136.21656842909334,136.34699999999998
141.78327335365648,146.27399999999997
153.50303317104647,150.32500000000005
206.025725916392,194.365
237.29582817894038,243.404
229.85060694420525,234.08800000000002
213.066144475998,216.84899999999993
203.1340360059644,198.22199999999995
158.9395778315778,162.039
125.60182744598315,116.18
108.76792949183704,102.769
88.11720693557783,88.674
83.65356064599129,79.17600000000002
89.47983317666424,83.77700000000002
93.9125822017985,100.905
130.22366522817273,134.54800000000003
145.7790185512247,133.32600000000002
173.13879033570373,156.96200000000005
157.79400416874807,146.54100000000005
139.1219484062786,151.97999999999996
143.63457523778465,149.10400000000007
152.0860359428164,141.49
144.81573049001355,149.582
141.29490064929564,137.45399999999992
135.78987654657467,128.72500000000002
144.9146313799729,127.262
151.1155576651418,146.26299999999998
197.7335734081347,189.37
241.83641305758277,216.94100000000003
232.84322406413708,233.80600000000004
215.90449006168694,235.55
199.2412058534186,196.645
161.15928331201468,164.277
119.0562341230094,131.03300000000004
104.64674190858439,105.995
90.55246301882707,88.199
80.85700162764664,86.63000000000002
85.75960080181412,92.68000000000004
99.45228361454141,102.11699999999999
133.41273364859956,136.63400000000001
136.72830950625738,138.289
161.76690796656538,166.20200000000003
149.81331514212297,151.602
148.20569939678396,134.65400000000005
146.56616276387297,132.197
143.6344407717828,158.29199999999997
148.4141177613841,148.90499999999997
138.7801175823853,158.707
130.29479269984563,121.12
132.57277285817378,135.77099999999996
148.2051822240279,152.81100000000006
191.50682377275416,198.70099999999988
223.90674716485245,229.23799999999997
234.27420027981407,234.882
229.85153206212223,224.97299999999993
196.82242455589255,196.52800000000002
163.3741889370221,161.28199999999998
127.49477925822096,131.365
105.7913577154118,108.84199999999998
88.67676222826634,90.90800000000002
85.04439071213133,89.36099999999999
90.23513445783169,83.83500000000001
100.80372255442045,107.43000000000004
135.44798683283105,134.61800000000005
137.78066529517156,155.451
165.18267631885956,186.11800000000008
151.22966461061276,162.02499999999998
139.4390741985498,152.94400000000005
137.55942154185027,156.05500000000006
153.7290601177707,143.31799999999998
148.58942292915953,140.828
151.10902674879765,147.59999999999997
123.88841031075648,135.64800000000002
134.92280715119574,136.49500000000003
151.61690195497556,163.77800000000002
196.26589714260905,206.54799999999994
227.31215499918142,246.373
234.340660573494,221.79399999999998
225.64507679266268,208.29300000000006
195.97597795389382,186.02999999999997
161.59767371151634,159.635
132.9057112729953,133.43
114.54071030749513,115.10900000000004
100.6960759701425,101.54500000000006
91.84804106057824,92.78200000000001
91.17566100916008,82.52300000000004
94.65237935007625,97.50200000000001
108.01524321462693,117.12299999999998
136.1942104064402,140.29700000000003
152.99963319518,160.18700000000004
186.8126809896006,179.4509999999999
190.23186664909827,175.843
180.11157237178367,179.434
172.8273753623559,177.90499999999997
165.29902418163044,171.354
159.30373513881904,164.06700000000004
156.2207735396268,154.897
159.8883470354001,145.69
172.04532044272668,171.20499999999996
196.77008451094812,184.44900000000007
233.46688813568585,222.20199999999997
230.15157342018355,205.55199999999996
217.85085396938922,187.52099999999993
193.65851478377576,167.47899999999998
162.49607134163057,150.43800000000005
133.57227588857452,146.01100000000005
114.48452705206213,108.93900000000002
97.47843760777056,90.73999999999998
90.28692728486692,85.55800000000002
84.02826124524583,86.06000000000003
96.39436395447515,91.25800000000002
114.07026349661733,107.348
138.2777391943602,135.94000000000003
157.68677497132,163.94800000000004
182.0351135463335,169.51200000000003
180.37128217455287,180.018
180.89840097675463,164.5469999999999
177.07261933209222,159.91000000000003
169.59004005675442,159.286
162.596197364666,156.80299999999997
154.47209687037912,152.77999999999997
149.8846109668495,158.653
172.55732593094638,164.12500000000003
188.52182667055231,198.781
224.53909313683462,208.45600000000002
213.46782431804627,219.52999999999997
197.78764942476448,191.7129999999999
175.41683344104246,179.856
154.915820239151,146.88899999999995
126.8906372253376,114.757
107.1024345822903,95.40900000000005
87.0761763214455,91.64900000000003
86.67106877172355,85.22999999999999
85.53189282420877,84.00699999999999
105.0012214589903,98.11500000000001
134.28819490244,108.17599999999996
150.22646007424157,123.79800000000004
178.53046514090033,143.31700000000004
157.98319649292105,168.42600000000004
147.84703667346963,176.94199999999992
149.7125731445555,177.71399999999994
146.29456321902086,181.021
142.4452548965656,163.12600000000003
148.38590920951555,168.00100000000003
132.75783768635125,156.776
135.82106322646834,175.57299999999998
159.90204973707938,187.40900000000005
203.00088830731215,223.34899999999993
240.36268730992563,277.89
225.00436539214797,244.7110000000001
214.01931763205323,205.01100000000008
189.67160563354443,168.34699999999998
160.63733475507092,137.937
120.93747475102282,101.53199999999998
100.33176322726496,96.75199999999998
91.01793843943575,86.719
86.13688744193504,82.667
84.66622751502965,94.18100000000004
100.16924838812403,122.11200000000005
117.90981470810999,146.72700000000003
133.73574300823276,173.94399999999996
156.54502641039142,142.65300000000002
164.17864822549836,126.28399999999996
165.1459060923751,115.93499999999997
166.64207104779956,124.876
166.73166376322678,125.44799999999998
154.58074279790637,135.94500000000002
159.50609066909198,124.46700000000001
147.44577084043314,135.348
159.7034045146591,159.31699999999995
174.73293166566708,175.67000000000002
214.8397698064983,219.67800000000005
264.1355015935671,248.62500000000006
236.08051761441027,224.16199999999998
207.7114674886663,194.324
175.8108606761189,166.339
146.23901439543135,131.772
107.5631638733523,111.751
98.06183890504,93.66900000000003
87.01954355997157,84.71200000000003
83.42377518873377,82.574
91.2696868855792,98.71199999999997
114.67449336334121,135.12899999999996
136.9649607429439,148.68000000000006
160.26475590158898,181.933
146.62000274185397,137.83500000000004
138.03446078561768,138.18700000000007
129.1081798176879,137.40600000000003
134.7284778520686,126.505
134.92465745188187,129.985
140.6080112678791,133.67099999999996
133.13988011834232,123.25300000000001
138.68638692081936,129.442
159.7919463398012,143.81099999999998
174.8725762363312,186.204
218.13920880853513,229.183
251.1463335277815,258.098
227.31291015035998,245.581
197.93057092873056,223.503
168.7929057187211,176.97100000000006
135.3467265915973,133.02599999999998
111.1044312268939,108.46399999999997
95.33799051959052,95.51300000000003
85.68618400363252,94.559
82.78972180066094,85.82199999999997
96.2732192257516,97.66600000000003
128.3778152141561,130.091
144.16348716278412,153.02900000000005
174.79431783229708,175.16699999999992
140.49475154158165,143.15300000000005
137.8315959542997,128.95800000000003
134.36981104616706,131.65000000000003
128.26540425761695,144.417
131.63663411100296,141.05200000000002
135.49966023340926,142.49
125.72796263804364,143.844
131.79104620793024,156.10700000000006
148.41204718562642,187.60299999999995
182.61944590336293,219.399
225.47475450606294,234.43499999999997
255.3133461966752,252.19399999999996
239.3686959150912,248.88600000000002
214.71782286109783,237.24100000000004
173.9208644018122,185.53900000000004
133.28816057903592,156.19099999999997
109.15655680366754,109.74
95.59942738491604,99.274
92.85326931093996,85.70900000000003
84.81209281467724,91.11500000000001
97.06644989282547,93.797
129.2970134320487,125.55100000000002
149.98578764291366,154.33299999999997
174.41199625448203,191.03600000000006
142.78846604023656,147.155
132.2081235337202,138.638
133.43924014697112,133.643
141.57648747104244,138.42999999999995
138.78519600574202,142.74400000000003
140.78037870744765,132.52300000000002
139.50007009530685,131.423
148.98295434921613,144.819
174.78145205210208,160.23100000000002
206.17610389134694,174.47199999999998
230.296906109553,193.77700000000004
251.76928231818366,219.45700000000002
245.38317829301485,203.162
229.88043222134735,196.75200000000004
182.06328000982717,165.38799999999998
149.7767684663421,134.594
139.4883927590824,119.49100000000001
109.70649284090942,105.53300000000002
91.2024709249959,95.62700000000004
86.81006678374074,89.09499999999997
85.92192395973339,93.75
93.20809561228589,104.28299999999997
109.23393401899907,123.04999999999998
136.47831052960186,155.691
162.27725338640727,173.334
173.465378658034,169.15200000000004
181.28361841464005,173.12699999999995
170.41333988645886,189.918
166.15307023242076,169.49699999999996
163.36686405774972,169.08099999999996
158.9226398673136,158.87300000000002
154.29648715528765,167.49199999999996
156.81926283952092,169.65300000000002
166.568105197781,176.30699999999996
196.35788909712298,205.26099999999997
213.896684387774,217.50600000000003
218.51468687979246,222.20300000000003
193.69472222925873,197.303
179.6842132080044,165.986
149.5778186607269,148.348
128.1790650806413,122.72399999999999
109.37605214585275,113.22400000000002
98.89425616533356,99.23600000000002
90.16439118683483,85.448
92.23144676080257,95.01400000000002
101.41079982335171,97.65699999999998
118.90712641894484,114.71000000000001
149.69740056179558,155.152
169.8807090997552,165.15999999999997
170.3789308714524,192.01200000000006
175.5916851806292,193.32900000000006
185.26160264149974,208.78499999999997
168.96546335199952,207.02500000000006
167.87112656009316,195.02300000000002
158.98777254864524,194.76999999999998
163.58940383320038,207.223
165.74933900353284,217.45300000000003
173.359057361413,236.096
202.75676309405853,255.98500000000007
218.0592146116785,271.8660000000001
222.5224258174065,243.55899999999994
197.0726405837048,213.58600000000007
169.9202760460837,166.36699999999996
149.4111616957624,139.414
108.93707461803834,116.46300000000001
97.71765604387427,93.20900000000003
86.96004851614401,91.54799999999997
88.58127933770196,91.638
94.07380347813708,99.66300000000001
125.90298126021955,119.82800000000002
152.38631683522635,159.52799999999993
185.42842642464325,186.603
145.43060784829413,148.473
137.09646997945757,129.49700000000004
133.57764829560395,127.02699999999999
139.1472315780998,148.40900000000008
142.11712781279894,132.17899999999997
135.57896026592158,136.33200000000002
134.41087522395836,137.60100000000006
146.5585864109448,136.47699999999995
164.11756219425058,160.48699999999997
182.91532548455382,182.27899999999994
205.59380319043132,229.73500000000007
230.46100608485523,245.82200000000012
217.96580100709883,235.95
208.7306734207615,209.974
171.77141162032413,148.21500000000003
140.3807502036863,129.78799999999998
112.91099493815435,113.10900000000002
94.91261205625315,91.00600000000003
89.55371488206207,80.06500000000004
90.42596521767345,79.97399999999999
97.62294744172274,94.17900000000003
120.7090544108893,123.12
157.18795184631466,165.14099999999996
185.63335608836573,183.085
147.17609904520106,156.17200000000003
131.0829745930746,132.74999999999997
128.4426501101335,124.38100000000001
145.72557833373094,131.59599999999998
134.6528212303012,117.59600000000003
136.49044326229165,126.57900000000006
136.65386119779436,113.86500000000001
138.56854608772505,128.059
161.4478930979884,148.37300000000005
183.16690705178718,188.05500000000006
223.1699973216012,209.24300000000005
241.3535343610676,233.66399999999987
230.79462333019052,220.92799999999997
209.13463251193676,203.93800000000005
155.35369335912003,161.60300000000007
133.37391386709157,125.964
113.52091469406784,112.99800000000002
91.9503210275592,103.87100000000001
84.5732068092568,86.24300000000002
83.87222434753375,85.72800000000001
95.86466978960966,87.39699999999999
123.24762807747172,123.88699999999997
163.04224226318243,154.74599999999998
183.77891268454047,177.69
153.8870549161714,161.942
132.34299944084427,147.08099999999996
126.12888635793621,142.58399999999995
135.5227878143306,134.32300000000006
122.49173007122505,136.23600000000005
129.29151004755798,133.807
120.32774424988554,129.895
131.51259031558163,130.86899999999997
153.33409234258016,152.46200000000005
187.7287018973879,180.80100000000004
213.57239964083735,195.17700000000002
236.312600403298,243.574
224.0286470519631,225.16399999999993
205.73684886192297,211.70000000000005
160.81589600580483,177.86
128.1795782934231,139.01
113.21641829591104,99.93200000000002
100.20513689968044,96.03199999999995
84.7783400914179,86.115
84.63100312511163,87.78399999999996
89.61324115663345,101.943
123.74796336915341,127.63200000000006
156.4344803219375,145.69899999999998
178.732201282336,189.32600000000002
159.49766497494974,144.82000000000002
143.12650863313405,134.45199999999997
137.28279837961537,146.09500000000003
134.0967657895766,136.70399999999995
132.4546442977492,134.932
132.4098401632735,142.255
127.60830152264029,143.62800000000004
131.2957501296338,143.64499999999998
153.2655959340894,179.498
182.7728029999296,193.18100000000004
200.6188418874288,205.61299999999994
242.5585657069501,227.23
225.2305015982016,218.39300000000003
210.4966442200771,194.67499999999995
172.6094842111255,158.58
135.61259845004156,143.22400000000005
105.02827415982625,114.45600000000002
98.05452462125069,94.585
86.56898962580742,84.17200000000003
87.18326655351862,83.64999999999999
97.91499059930851,92.918
126.59876005497975,136.002
149.83672207766628,152.18400000000003
187.08745501832541,189.5610000000001
150.1940732848317,170.80499999999998
137.1552297449516,144.60299999999995
143.76340676971358,137.21
135.80004268987244,141.74599999999998
133.59200363726268,126.08799999999998
138.21350241015017,127.211
137.62537726186937,131.221
138.90482040268108,138.382
169.80787808341518,142.905
188.13091187150505,179.55299999999997
204.0287161225676,184.57599999999996
232.27785310891008,216.45999999999998
221.31602690300707,222.2680000000001
199.86587959545108,197.94000000000005
163.48314604262163,176.34099999999995
141.46297641635147,147.591
121.30209524484468,120.29599999999999
111.07207176826456,103.12800000000001
94.02418889888085,88.326
84.83672752363253,94.52899999999998
93.26575305237,100.20599999999999
98.08994974387272,104.12999999999994
115.51135521898959,126.642
152.98795114648323,158.353
166.13030760657563,183.56600000000006
185.33948295293396,175.803
187.45699946302517,173.72999999999996
200.2242644971691,164.56300000000002
192.62151251682496,168.78000000000003
183.80026098647718,155.377
180.20341448788986,162.98899999999998
189.98132476301691,162.69500000000005
195.93122016074744,162.99600000000004
209.57858583964665,170.38100000000003
232.94353078081514,190.78100000000006
248.23937893635167,230.80399999999992
231.78940930053142,210.029
205.31944809653965,194.79600000000005
166.04486709227257,170.29900000000004
142.59730554289635,144.70899999999997
119.58909569367248,126.51900000000003
105.27942136234486,112.49200000000003
95.19764770887951,106.43100000000001
93.6822202232199,95.36600000000001
98.42452256819482,92.42599999999996
102.36642582717735,104.75499999999997
123.44429691514881,132.61700000000002
156.42408666770785,148.95299999999997
178.07917091309193,190.52500000000003
179.23192905921448,196.01499999999993
177.92900358899286,173.60999999999996
175.20563178744146,174.50099999999998
177.4636980838781,165.48600000000005
164.50020597090491,158.87
168.37936712375225,161.063
170.34018661597463,170.88900000000007
171.35598099669434,175.55500000000006
180.58144504926386,210.31800000000004
202.05552562818036,233.154
236.6245179406009,251.52100000000002
218.36450403681323,231.22999999999996
199.32013113376365,211.07500000000005
170.14448842167434,159.79600000000002
144.11805440706502,129.54999999999998
112.34117099146124,116.47800000000001
95.86461414153507,102.20400000000001
86.37713040689529,94.58200000000002
85.12951741118991,89.961
94.57757285689206,101.36700000000002
133.19130011415905,124.15299999999999
151.3031133624904,162.40499999999997
188.30095972893008,181.57299999999998
163.9171138833106,150.18099999999998
142.10723524915232,147.65000000000003
139.08078886941098,146.92099999999996
141.12744927090483,139.16000000000005
127.65767492628699,142.923
130.61152465702477,143.90800000000002
133.61518725594897,130.632
138.97619779368193,145.99900000000005
151.33990562975129,172.26800000000003
184.26583781288963,198.64200000000005
190.41505195974636,238.00900000000007
221.87451576301208,263.61099999999993
221.44974649338963,267.091
199.7191753130436,224.772
172.89630079765226,173.93
145.64774059661403,138.566
118.11888828700685,121.47900000000004
101.09093963189376,107.39500000000002
93.5592956014619,104.394
89.0063548276618,97.223
99.5557766640677,107.817
127.35755936406917,130.176
159.0007604828574,162.187
183.63690150537076,179.68899999999996
154.1687837339943,150.977
146.2323202752042,134.68600000000006
143.39652722914093,145.798
138.63873082402034,135.73499999999999
137.7364864798375,135.29700000000003
138.9396175839047,136.73000000000002
130.73614390441196,136.486
143.51843446195315,144.85199999999998
165.49904529863306,171.737
192.54283452190333,225.68099999999995
219.83563875131577,233.595
246.51794505589908,241.03899999999993
248.5435714974899,228.255
213.28071346822702,203.337
171.05673094883616,174.04500000000002
139.9506107476372,133.14800000000005
120.16342170350372,112.791
105.59513094687566,102.04699999999997
98.93765417912994,92.30500000000002
93.68913782444828,87.36200000000001
104.77252744271885,103.912
128.83581242296455,138.86
160.56290957465728,155.57799999999997
180.15864721679645,194.35700000000003
152.19026926470895,160.37800000000004
137.56846883727056,157.12300000000002
145.3555662753706,145.66500000000002
136.54166736090576,152.37
135.90990292120668,151.153
137.3004295577194,157.69899999999996
134.68821348610822,159.37400000000002
143.7666390985646,175.03800000000004
169.12546766576327,189.04899999999998
215.01245223427242,188.59
227.72295639881355,227.46
240.4969899964654,251.05599999999998
231.70507808517232,242.786
205.65166000225844,230.92299999999994
173.19690269855283,181.6390000000001
134.79842897002302,148.37800000000001
114.258629378308,114.05500000000002
102.76104485297313,102.14099999999998
94.51921808404717,90.23400000000001
89.27862431892453,94.47
104.27133031337347,99.84200000000001
135.06212155557708,130.00800000000004
156.32112817569913,147.82999999999998
189.85228153799227,171.69500000000002
157.82976822357003,156.839
150.13383584112273,149.78699999999998
144.41133734064417,141.70199999999997
147.01784435046602,127.03399999999999
146.00160919310474,137.12400000000008
150.4897313241911,128.06900000000007
150.05558585682368,135.84900000000005
162.59135332081007,138.763
180.23837343975754,147.759
196.31375099426114,173.247
226.70555281915946,220.65900000000005
247.3626152383899,226.37400000000008
238.82962187566267,216.894
222.02621112928333,223.54799999999997
177.83271070976144,169.65400000000005
144.13301440789206,123.91999999999999
113.85551135198038,106.20499999999998
102.17195165138432,89.30100000000004
87.62897271098878,92.27
91.5945161720577,88.30099999999999
100.0500549718575,99.73999999999997
130.91520552172537,129.315
150.00302680558173,158.693
177.3156175863762,190.33199999999994
157.53156353256378,171.526
150.03209320106416,142.60000000000002
142.70820051978222,134.70300000000003
133.3738143955972,128.06
140.5819642077251,140.29499999999996
134.28543746868502,136.724
140.45561886945458,115.82400000000004
145.47295327176064,128.786
157.15638419358933,159.17000000000002
181.6425593911914,170.83300000000003
223.47832727726518,200.46699999999998
232.432463648054,215.0639999999999
223.45778502107248,202.36799999999994
222.96971739098598,200.32299999999998
171.47428126627403,165.918
129.7533658121314,127.09200000000001
121.13075647896439,115.07500000000002
108.63050862367209,92.74799999999996
92.08754530184535,92.422
89.81563839405935,92.64500000000001
92.43153597823556,94.47000000000004
102.7798831302735,108.48199999999997
128.34460051297435,132.07600000000005
150.20083208438058,168.15099999999998
186.78377444156322,170.83500000000004
190.16934513652026,186.43199999999996
174.6029900916478,181.60799999999995
175.03829390876734,161.509
169.51372311481805,178.313
161.45298498497365,163.80399999999997
163.57361958837078,161.09000000000003
170.9755505214836,172.97300000000004
174.51758787559555,176.78099999999995
202.12359754923784,191.32199999999992
223.37475256652266,210.276
245.47151339831174,236.53799999999993
226.27225196170372,216.777
205.95293798445636,194.07500000000005
162.74650377402762,170.245
134.71528230099807,140.829
120.40815759763672,112.05800000000004
100.93217522691054,102.546
98.43852858707957,93.74400000000003
94.0662996537385,88.644
94.6958762067714,89.37799999999997
107.03363296572283,104.34
130.37958683883772,128.02800000000002
161.9132858986617,146.20499999999996
174.25085617080606,175.00700000000006
186.9738480175477,192.43900000000002
179.8422557858923,204.47300000000007
165.22595774063933,194.24099999999999
176.60547618759182,191.27399999999997
163.31427161594462,167.92500000000013
161.85096916483292,156.492
172.69339865773878,170.145
176.57011343962336,179.27100000000002
193.63350741070866,193.902
213.37917351835915,244.79799999999994
239.43148229004703,259.39
220.5595000927647,240.757
198.89785940681588,196.25600000000003
169.51080925386302,170.87799999999993
140.04177045090483,133.93399999999994
110.66000761849227,102.16900000000001
93.85925959951973,92.87399999999998
92.36291509287892,92.53500000000001
89.8963393936123,91.04300000000002
100.33020104114007,95.82999999999998
130.25410624940815,121.965
155.72767028075953,160.97299999999993
185.907397692654,173.9
166.93228538210735,149.605
144.7144360201837,139.025
137.03544897611016,140.551
129.8410765682283,145.615
140.61048923012595,141.71399999999997
136.36237334880497,135.403
124.546154576428,131.061
135.45614765008838,134.83899999999994
160.7057742113214,147.21200000000005
175.03462144057605,183.90999999999994
208.33456673940628,232.60300000000007
221.4748947732784,259.305
209.3495113336857,238.38700000000003
208.49894626988785,201.798
168.73445008975125,177.77899999999994
128.51005206561743,136.97200000000004
103.42888142245641,108.40299999999995
93.24331251886767,99.077
94.42836928050129,90.34100000000005
91.40614531917694,94.153
97.72483986815692,100.57999999999998
125.34858220663983,121.186
159.36294782593473,155.03499999999997
178.0415976081135,175.721
154.25307869805624,147.289
140.51115459692082,130.286
139.9686807354169,144.433
141.45053889467732,141.036
141.30201366556952,142.72600000000006
135.66947025519207,161.761
129.4540750715332,140.16400000000004
136.09225868609204,147.95499999999998
151.03067087470666,179.31099999999998
182.83972713037048,233.904
226.05286146142595,241.35299999999995
247.9409609058635,242.57299999999998
229.07838513617642,221.429
203.32537348938115,204.87799999999996
174.8601733224992,160.47799999999998
134.67163793099667,127.14699999999999
107.07786921455272,102.574
97.64114734564072,93.631
88.78835661152672,90.32400000000001
92.18165761567353,91.78400000000002
99.32167108736962,104.95999999999998
121.88035417865547,133.89900000000006
156.24189861635574,160.86099999999996
176.4775166525419,188.69500000000005
149.24735422169218,164.06000000000003
133.48351681541948,140.64199999999994
142.9141948096339,147.904
140.51937294984006,137.72499999999997
142.44892846667648,136.08
153.46659595339293,128.118
135.98810341259463,131.69400000000002
143.87408483735248,141.15500000000003
170.93975889765332,163.14
216.4983896007067,184.15699999999998
235.33843611705385,208.11299999999994
243.13507268126114,233.01999999999998
223.17362941257403,238.007
204.7003509832785,211.556
164.55598573070682,150.685
129.31754087391724,124.14600000000002
104.25940368609423,104.58399999999999
94.88276646086265,87.98800000000003
89.98348272412898,81.195
91.82188673796401,86.50300000000001
103.19148096032876,98.44000000000003
130.22129551478903,122.48200000000001
159.62595361035875,163.09199999999998
184.95560957097922,183.992
159.9232658462788,149.586
138.59593770644713,133.385
146.3260249378098,135.19
137.80950625977408,135.11500000000004
137.6143697947694,129.95300000000003
135.5752587855841,128.99899999999997
133.999638212417,129.77300000000002
142.6891340214441,130.44300000000004
165.6032383225108,134.518
193.01798363154353,173.54999999999995
214.75398970830062,198.18099999999998
236.11966140219758,223.78799999999995
234.31716670931053,240.65500000000003
209.41916688259863,191.97199999999998
155.78523413916218,161.65499999999997
125.62256757383535,131.223
104.56752163530717,108.53900000000002
90.60509864343177,98.06200000000004
86.34039244897824,86.93700000000001
89.49022416471257,88.97699999999998
100.6577951546542,102.56700000000004
125.79266311560205,121.65400000000002
162.35082229847274,156.61800000000002
184.46255855713594,194.14100000000002
152.47693314175382,154.86300000000003
135.23759571140315,149.36800000000005
139.0547233834621,154.59399999999997
136.44963452379153,148.90699999999993
132.51039122507606,143.379
131.20182331572116,132.68800000000002
131.59959991693407,145.55200000000002
134.0707258423672,134.85499999999996
144.32955774876874,151.04799999999994
180.69506157412224,165.1650000000001
204.02847601980486,200.14599999999996
227.9531090996004,225.08199999999994
238.2111454457013,239.7899999999999
198.07915341213032,199.14100000000002
159.8273651705128,172.684
129.71959497417905,141.41899999999998
112.84831877015506,115.36100000000003
101.62474524898482,102.01300000000006
95.94299205172842,89.14100000000002
91.01586012596212,86.447
91.38573126111154,94.648
105.42661797751505,109.037
128.80873596613802,132.56399999999996
150.60930156031066,150.369
175.02329817567187,189.70600000000002
190.71876715178752,196.83499999999998
196.4836461787338,192.84100000000004
184.7451492600361,184.90400000000005
185.1966233599348,180.03900000000004
165.19033190121644,168.953
157.30920763063182,160.78400000000005
170.81783817645623,179.98800000000006
178.65706503972672,191.55
194.0037105128493,203.83399999999995
235.99604581858424,224.68499999999995
252.72558534489258,238.53499999999994
233.3983198902382,226.49400000000003
195.91637238210768,190.335
169.81653967160753,161.40499999999997
135.5653317442197,159.666
113.96244214567561,128.49199999999996
101.6677698889388,105.325
91.83205403708061,95.51600000000005
87.9854342302488,90.25999999999996
94.11977197682876,93.15299999999999
108.02347447591694,103.30100000000002
131.4693368052455,133.57299999999995
150.37759802304453,156.1599999999999
185.82134955549847,181.66899999999998
194.90562882400206,214.762
193.67592224156328,199.88399999999996
185.42529321125127,187.89799999999997
182.00331608264958,196.30100000000004
168.65728522043912,182.856
160.47391716561327,199.53699999999998
178.0073141237437,200.53700000000003
188.46448576256606,210.26600000000002
201.0637612551023,206.05699999999993
227.24928757727952,210.17499999999998
242.93934962159983,242.802
229.58461061052685,228.89699999999993
192.59216013258094,215.93599999999992
164.511913534187,171.97299999999996
152.7815522274383,131.33400000000003
111.62419047225038,113.255
97.46192992505499,94.49000000000001
85.73042978191994,86.564
88.56035276764065,83.25800000000001
101.74411990216406,94.233
122.51332000603968,122.596
158.31956579167334,149.75399999999996
191.10540965091508,174.57699999999997
154.02237753159775,153.118
145.24126688213795,153.822
149.20873377112144,146.004
144.7823893685037,134.30099999999996
139.96080692585474,140.88199999999995
131.9259448689131,137.05500000000006
141.06975334370452,134.16100000000003
135.4940180190814,133.09699999999998
150.7096489294815,147.10799999999998
171.04542614422445,183.02000000000004
203.02062171294983,229.51699999999988
227.86993503419154,247.00000000000006
239.76230057371873,239.031
199.41328595462528,204.68500000000006
168.90832719665497,168.69400000000007
137.82365376640738,124.87899999999999
113.23484610789909,100.21599999999998
95.33295057460931,87.40299999999996
84.10116710112882,81.689
84.209811205759,82.96799999999998
96.3793740827812,97.11
122.60538701889574,119.91200000000003
153.3466877076268,155.49900000000008
180.19135476947355,177.40499999999997
153.6902957912627,150.72499999999994
150.77738834660994,144.85700000000003
146.32991919252615,130.23199999999997
137.02471630100763,132.01099999999997
140.21233672656058,124.82700000000007
135.40660697332282,132.341
135.8080224157407,127.75299999999999
133.92020968015024,132.64300000000003
148.91322750299895,161.17399999999995
180.57711302662278,179.71799999999996
221.84500633236576,206.15099999999995
240.33137905369597,243.75500000000005
237.57564361829714,231.94099999999992
202.20850988490074,198.7369999999999
168.66847830390066,161.12499999999994
128.64508476913272,140.74800000000002
104.04852065755838,103.559
89.76438420505255,95.17199999999997
84.98302698052768,85.084
84.68925100240665,86.24799999999999
97.78441717193621,103.71100000000001
121.59083240071723,132.296
155.02367836412867,148.462
178.4355397019417,185.9190000000001
151.61956262717712,153.31600000000003
146.48141097665138,130.85899999999998
134.95479654089104,139.135
133.8778206864748,140.37399999999997
129.93453526334318,141.82600000000005
133.6186806265297,142.382
130.2831696845446,133.23
133.5830507347412,131.64000000000001
158.4823026126873,143.94099999999997
179.5493955965623,181.06799999999998
209.65181925235044,218.18500000000006
242.9527243125356,239.207
233.60118398780997,232.04400000000007
199.63369757778543,199.91399999999996
162.74188876858042,178.317
136.90489979093783,126.92799999999994
103.8528164802552,101.27899999999994
93.71714366339918,84.16900000000001
81.37462303916237,82.81999999999996
83.83224563796085,87.325
100.98529923608871,92.66599999999997
127.91005127491525,121.22099999999998
150.0755565792796,174.64
183.6961181355863,180.20399999999998
152.91615811593257,157.00899999999996
135.32647871843562,147.95499999999998
138.15929277830787,137.54299999999998
138.2938846282126,135.50300000000004
137.493958745695,149.99400000000003
139.3386612376766,132.928
132.04256878597835,141.51
131.8593625429839,140.65800000000002
148.26048619253623,166.656
181.2882421630183,174.243
215.88431865021275,198.97
239.92884230473015,235.85500000000002
232.47031888284437,232.73000000000005
200.18977376986027,215.46100000000004
173.39027156062667,179.211
129.8963377095403,133.01399999999998
102.08647878427978,104.11800000000002
87.35851748410397,97.637
86.7303200998418,92.171
88.44166307484568,86.92099999999996
96.19072700903497,92.147
123.81067794854033,122.87799999999997
166.50276612040912,155.43099999999998
180.54497434475027,180.61
155.32740594023545,144.75800000000004
142.88706927607734,148.00200000000004
136.9638179482428,155.48300000000003
136.06919404763278,162.06700000000006
145.88526362197854,160.90900000000005
134.44889231887035,147.853
138.20563128017525,156.84699999999998
136.9822672149445,165.783
160.73037740308934,184.10599999999997
174.86785603630886,199.64900000000006
202.6538019234036,214.31300000000005
235.69283416767507,217.55899999999997
232.49523446401489,211.9050000000001
210.8669023133438,218.96399999999994
176.824953218884,188.752
132.21622504609738,152.53400000000002
119.41706081002405,131.0
102.04017647860546,116.40399999999997
101.24721400938319,100.38199999999999
93.26516954369066,93.03799999999998
94.80969953750909,97.47299999999998
105.58360060129327,121.94199999999998
132.03525209901633,130.22299999999998
153.78342237599279,160.97
182.1342666751412,178.43600000000004
207.5609356601738,187.30100000000004
196.2103374709426,186.82499999999996
186.5670590529937,196.336
191.31724832209744,179.01100000000002
177.641331576026,188.11300000000006
185.400788464635,179.33600000000007
190.19768466671246,188.52300000000005
200.6274185069217,185.35899999999998
202.42639537473752,192.27499999999998
214.65830902472092,214.53900000000002
243.3093990447448,206.10999999999996
229.35836940519852,226.29499999999996
208.51371815930162,203.726
169.0404690104228,168.38899999999995
138.15491648007293,144.59500000000003
123.51714413014359,116.715
109.13058462557636,99.79399999999995
90.32347196301731,96.49200000000002
87.46395230201705,87.26400000000001
94.0372826844928,92.465
115.10364077663056,97.01699999999998
129.46650995236047,113.349
158.4527531018678,142.68499999999997
178.91750440901137,170.139
192.95828791650428,182.48399999999987
190.0125463391555,193.00599999999994
194.13783646064206,193.95400000000004
182.99723273135356,177.12600000000003
184.73363607257946,165.90400000000005
178.8511222242119,169.281
188.01244588564896,166.23399999999995
187.84141381655667,178.12599999999998
194.47679097825727,197.71000000000004
215.19398562035184,232.63900000000004
218.6152843616918,241.9330000000001
229.2414918011345,241.57500000000005
206.53986670087318,206.00000000000003
169.12819443535324,169.79
142.5901588112034,128.01600000000002
105.46661940159149,104.917
95.10453306427581,96.26900000000002
90.45215191866653,87.99499999999999
87.3186497675613,92.12100000000004
93.45955076276337,91.81800000000001
123.04496537887616,121.74699999999996
159.1228487599834,164.21699999999998
181.06376343301923,180.45600000000002
149.10333966876854,160.68200000000002
147.07981389176075,143.63500000000002
149.04006474508196,140.406
152.0263771402843,148.27999999999997
154.8279097492057,142.00499999999997
142.21870821596897,140.172
149.8563063506175,135.683
155.36781201512414,152.957
174.68858620845054,168.55799999999994
190.63968143763117,201.90699999999998
209.76193529589852,232.054
224.4899254652149,254.43100000000004
220.17982063548072,231.503
216.81803511564397,219.65700000000004
184.5792468503637,162.92000000000002
145.13706225444452,131.66
107.43904360714649,102.991
96.55180140803475,90.02500000000003
86.74791596009374,87.43400000000001
89.54557740277248,87.13000000000001
91.63190063148906,98.04799999999997
121.94116535021905,126.61000000000004
162.45185993804193,150.87900000000002
180.78432296062877,185.557
157.09481491799457,157.831
143.84187781476885,152.55700000000002
142.42694996383887,144.09099999999995
148.97296721716666,148.98600000000005
144.87940191480251,132.01500000000001
140.73674145282814,131.64999999999998
139.06360116887527,131.15400000000002
153.74134627431218,153.553
170.30880886096702,165.90200000000004
198.60217911022016,192.01600000000008
225.19431136695903,201.418
244.3375898149689,241.8250000000001
227.2004341080506,233.83800000000002
218.134825627191,219.17799999999997
169.08408931561632,168.93200000000002
135.2581086913938,127.897
104.41080068848629,102.54400000000001
91.72723825937226,99.00399999999999
90.45609383268672,83.40800000000002
88.81309691753744,86.51999999999997
96.87762873104253,96.988
125.72290674918581,130.87999999999994
154.63280871282763,152.64599999999996
184.09354978035265,175.267
157.37934151256803,162.98
150.15400258891293,138.92499999999995
143.47131028319876,131.616
148.81831827057363,131.62600000000003
135.75664811272156,143.41300000000004
134.50751142886415,138.147
133.71693616212934,131.893
153.79647411111404,144.70099999999996
166.45313882333977,167.18599999999998
193.31985226617437,183.61399999999998
208.2044856893645,200.039
242.67667811897064,248.45100000000002
231.67343763266922,231.12700000000004
218.2401797508906,227.339
169.19276744609442,170.632
129.8759824613759,129.55399999999997
103.1067802423455,108.62100000000001
96.88051825053643,90.73700000000002
82.73714435113322,86.345
86.35469859956581,84.923
96.66887747390854,93.48700000000001
128.9685672222101,127.528
153.29515832303338,155.745
177.84994561656242,180.91499999999996
161.50013908921335,150.61700000000002
142.5683338191442,143.591
134.9463442948055,130.97900000000004
136.8313514809281,127.066
142.5988028009398,131.094
137.71858099867066,135.86600000000007
132.50057214865757,131.05599999999998
147.16127972290792,141.239
166.8691289063297,143.26399999999998
186.38033838595578,185.23999999999998
203.09128109190738,196.442
247.64508938726578,208.757
231.6350669218114,209.26999999999998
224.98424964504798,204.19000000000005
170.09158488062278,171.401
129.63699309469087,135.978
106.93820298548779,106.39900000000003
92.26509526099088,88.76999999999998
85.25338765612902,88.96999999999998
85.41847807448062,87.48700000000001
94.48031486489617,97.035
127.97893461945358,119.52099999999999
155.2504277889832,151.00500000000005
179.8982103099512,171.25700000000006
154.36327105362693,148.115
143.21970372141607,150.01
132.41830748098656,143.615
130.43266818022818,139.40000000000006
134.63716198006358,132.44799999999998
136.71313263192897,134.498
132.39741077727984,127.52599999999998
143.96995277248737,145.192
152.34182766961004,151.97200000000004
187.40603047058235,200.48899999999998
198.83427624848292,211.19200000000006
221.4593072511293,229.87500000000003
218.05721158960105,212.4300000000001
212.00493654760828,187.44700000000003
171.74854197466436,183.146
134.60505732100435,141.39999999999998
117.14753376078129,114.98599999999993
101.7450421625199,100.53099999999995
95.87327335867289,89.12100000000001
87.95156034831233,87.221
93.330168724797,97.166
103.52971146057382,108.98299999999996
119.58044062710329,116.12099999999998
148.56382188912661,150.90299999999996
173.4491926904759,185.73499999999996
186.78994433412566,178.672
192.21035341153677,181.13100000000003
193.82335714684797,175.42099999999996
179.1339572884911,171.784
172.21949814467234,175.20800000000008
173.22832210889618,162.48700000000005
173.67671706648997,166.56199999999995
182.31225240023565,179.42100000000005
197.75467179635768,198.00999999999993
228.35561147645495,212.32300000000004
235.36379792706788,226.5190000000001
237.4110502681267,201.07699999999994
205.8420343335576,187.916
169.5260712879072,168.08399999999997
132.3369491689487,149.939
114.28478607263206,121.221
100.57255637038949,102.79900000000004
92.13848999475836,90.24100000000004
88.4167428365266,88.47499999999997
96.43580860476524,95.18900000000002
107.42844643767236,98.32700000000003
117.28658578158146,112.11399999999996
150.76210171235374,143.65700000000004
182.31904796140665,187.92800000000003
181.22835676841652,195.49200000000002
185.34024250794624,223.71800000000002
180.0540182045093,199.338
174.59419667090202,194.996
174.81353034892425,203.79699999999997
165.24882389351174,176.14199999999994
169.04374637317363,189.265
181.12275329856342,200.14499999999998
198.59365360777957,227.9879999999999
216.26199450847358,233.14
229.21680842017204,231.08699999999993
211.4532384175924,242.457
195.13267509324382,203.387
169.57593969126293,158.62699999999998
145.3827427893893,127.46000000000001
108.33962910949073,101.59600000000003
90.37981601959409,93.99100000000003
88.95712885796033,88.257
87.13955601222847,85.80300000000003
96.44095758330968,92.02700000000002
122.38204909392701,119.63500000000002
152.31479902319435,139.072
174.5231254679826,200.23700000000005
150.0213792976397,160.858
147.89549969856233,136.77300000000002
140.6227170253299,132.02600000000004
136.7257748788965,158.91500000000002
132.86584669389026,154.09900000000002
135.07817133755822,151.10500000000005
128.8989476075583,134.82500000000002
145.3128197427766,144.834
152.12910090069366,166.51600000000005
196.7618434292246,196.903
207.74853786365503,231.281
227.87534541697158,237.219
214.3430790769863,235.644
195.54156447989396,213.24000000000004
180.21939683798746,172.133
139.64927328219486,129.50199999999995
105.25907682133541,114.24199999999999
93.4517017885595,93.55999999999999
89.14565614737546,91.26500000000001
86.33475610425984,85.684
93.63279403165393,99.67500000000007
120.8450714689155,127.80299999999995
144.3089875457714,153.02399999999997
190.83035570177526,187.25800000000007
156.42467433508057,148.82700000000003
139.69799362198032,143.47500000000002
134.5332926206612,133.919
151.71708331199156,125.00699999999998
146.1777313073532,141.84400000000002
145.0326625168288,131.92699999999996
131.97845804819474,124.86000000000001
144.38900182846677,135.76100000000002
161.67920823735972,151.12900000000002
196.00100950260145,177.98700000000002
222.82506261191924,196.59500000000003
232.8061897105707,237.944
228.01684367887202,244.611
207.35287991082296,209.09900000000002
174.11814627218507,170.449
132.2220927509658,128.503
110.80842521348093,107.84800000000004
92.96358257902544,97.007
90.85806477484059,85.64000000000001
85.93741920698818,87.84900000000002
97.97162249762077,104.138
125.82570909963599,132.33399999999995
150.7371613158321,149.012
187.6808382591257,181.41499999999994
150.4652644221332,152.1949999999999
141.9498406441852,154.927
133.9804758211161,131.97899999999998
132.0823315487931,133.14000000000001
142.751717027835,145.301
135.32479291093813,131.301
126.83900907333313,133.888
137.95762736119303,140.11
155.62998588217994,154.76399999999995
184.07333801343518,194.92499999999995
203.50595742554248,202.8300000000001
237.5286196048369,220.66600000000003
240.01898030140597,221.25599999999997
208.67764240044022,202.403
171.23371711026687,179.62599999999992
129.52904334421936,135.05400000000003
108.48224624227893,107.608
95.13309130245126,91.76199999999997
85.8934425672483,88.471
86.63116565244715,87.941
101.84038208278373,104.076
129.69380006796564,130.27900000000002
149.5311086524315,149.59699999999998
183.66282210566948,178.115
151.64738246184362,152.58500000000004
151.28453137514987,130.66999999999996
132.79911750539617,138.05099999999996
133.02169492192075,141.52700000000004
144.6806724459305,141.3
132.36955605291266,125.76400000000001
132.07614636760357,127.79999999999997
139.85315030950687,143.487
154.96312336037184,156.966
190.76639719582795,175.20800000000003
203.65758073293603,197.95400000000004
226.676561058642,224.63100000000003
227.61848399952277,218.993
205.10841937586656,198.4890000000001
176.84985499345078,170.72000000000003
133.507321056115,136.873
107.74634895102686,107.27000000000001
92.57717460857036,94.05900000000003
88.91641184383673,88.21600000000004
88.031392848476,88.10900000000001
103.28728601062201,100.15
129.97013333940112,133.54299999999998
149.50492677657402,151.5759999999999
180.2392488923352,176.012
153.06345829934367,138.80600000000004
136.90504380489438,135.412
137.24214911517407,132.45300000000003
139.43325458440364,140.432
141.59810263292985,148.47400000000002
128.41020097039402,145.451
129.66777903085074,141.10500000000002
143.06567971869111,160.461
156.4582920004312,173.363
179.4664817589994,210.39599999999996
199.78411349195193,225.90000000000006
225.297919614032,223.957
222.03421851149253,220.95500000000004
200.28773979330376,189.782
172.13223718365262,167.803
136.0619660378117,135.14799999999997
116.85644851625688,108.09999999999997
100.79594328945998,96.75099999999996
88.145188607834,99.179
87.41582501608667,92.21400000000003
95.15222297667205,94.34799999999998
101.07903326218542,107.37099999999997
114.36891237828053,117.39199999999997
146.64116690617112,167.873
186.88714663589326,185.73300000000003
191.3191635154538,182.38999999999993
209.05443585927054,163.677
191.69256817669037,163.99899999999997
187.38355439486753,164.45300000000006
192.37212950028146,153.322
171.05407923900634,155.41599999999994
182.0373102513854,176.212
193.25804242002505,181.576
217.3696616119708,189.83299999999997
226.3835456911163,185.33999999999997
229.13797898262806,199.245
231.79625048237529,195.96600000000004
199.3453157548979,182.32100000000003
162.2509646950516,171.64
133.2943987887149,144.556
110.58408132989774,112.499
98.44760935070431,96.09000000000003
95.86025271651718,92.126
90.4539952856635,93.57300000000001
94.24979555173954,88.922
105.7994973572487,100.03999999999998
116.5945358341001,119.00499999999997
160.93083917880568,140.774
185.38877072526304,173.0139999999999
184.4036397300561,189.97800000000004
178.20753559425327,184.25400000000002
171.97657066023993,180.793
171.43045137318373,178.95399999999995
164.8029274561414,161.96200000000007
161.35874708246607,158.51699999999994
179.5210895094189,157.42000000000002
186.01418287241256,160.21299999999997
197.50508786257046,167.15800000000002
197.4630501943758,199.37499999999997
208.98807149565158,218.72400000000016
207.9008140386859,222.06900000000005
188.55440702827488,195.39999999999998
169.28393721300142,169.94299999999998
140.88116053976285,129.68999999999997
108.11999560859714,107.42200000000001
93.91050815430924,91.41999999999997
87.03827488306587,89.61499999999998
87.34095748570124,90.38799999999996
100.84590122669147,95.65999999999998
131.93638869583498,124.53200000000004
150.59801403637556,150.959
176.9615367451437,181.26100000000008
144.19119963008652,143.998
136.6988672921438,138.43200000000002
133.88903410837406,132.584
140.02507603133296,143.58399999999995
146.2974305589081,134.63
139.7720141924376,125.733
136.45207999692587,118.94599999999998
153.60230521124254,141.42200000000003
166.63306996882562,149.89
198.09566403836362,194.84000000000003
215.8070676799681,207.89099999999996
223.6904386874695,238.92700000000002
220.85395372961884,232.49700000000004
195.05566152914787,211.64500000000004
170.0319047670837,167.79699999999997
135.41562639239746,131.76699999999997
107.90992293796236,103.42200000000003
92.50471512448541,89.80599999999997
88.22083992627691,86.53200000000001
89.12634285126416,83.113
96.94072536893432,89.78699999999999
126.3356603377638,119.29500000000002
151.1687466190236,146.02799999999996
180.43051668440557,176.21800000000002
145.0851932997055,160.2880000000001
138.0854742654011,137.488
132.94202985605284,138.364
142.46274727299289,130.429
138.3903572945024,124.06000000000003
129.97155574229407,118.84399999999997
124.3132488959711,114.297
145.3134259913518,125.72299999999998
154.47960234921146,149.78300000000002
196.2179204730902,165.46800000000002
210.42883289966204,204.71100000000004
234.2131397257766,214.62799999999996
228.69707871451658,212.18399999999997
206.03964635890395,195.1790000000001
168.646814385131,168.96700000000004
132.66561900283764,128.695
104.81363412356993,98.797
90.7061601566432,92.02500000000003
87.55103123109396,83.403
84.98519395202143,85.477
91.8353368000449,92.018
121.56659267193018,132.20600000000002
147.69876824412142,154.92
177.76957720476705,180.002
155.79478968037984,158.186
137.70538508807283,141.435
136.92635739658252,125.88900000000002
133.92632751149802,120.96599999999998
128.60193848698268,133.02200000000002
122.32645074016705,134.99699999999996
117.23240704985193,125.77700000000002
131.94083829536217,130.612
152.03148283639342,154.23199999999994
176.00369671811217,179.171
207.49393423811566,209.19
220.82635170979697,219.78200000000007
217.70138889894199,220.5680000000001
198.98796950582215,204.84299999999996
169.199430567249,169.215
130.04264460060674,139.59600000000006
100.58490858334804,103.899
91.47366636546363,97.18800000000003
85.55552693798727,82.56899999999999
85.70490253147193,92.225
92.3812272257662,87.764
129.62163222930812,135.62
152.83551598110262,145.31199999999995
179.43799417368297,166.16899999999995
157.51686987618186,148.24900000000002
139.912666004447,138.21900000000008
129.29835613742642,129.30000000000004
124.92043378183084,131.16400000000002
133.14942857610768,130.422
132.3668419469064,137.35699999999994
124.06541372076012,138.07199999999997
132.32832188449413,149.846
154.22210669315038,156.07499999999996
178.73768531606123,173.00399999999993
208.80665231933511,187.40600000000003
220.1150153986198,221.0719999999999
220.49924443248915,221.5069999999999
203.6828967705937,211.43000000000006
169.16336845393548,180.27200000000005
136.93360000161482,135.538
103.30526657512783,114.25700000000005
95.45918158477029,102.08500000000001
84.4262593778113,98.618
90.17937142767492,97.36599999999999
89.24677755004738,109.117
133.41036751129667,136.266
147.7705265427067,153.57100000000003
171.64925814697307,186.08099999999996
151.386206286317,149.493
138.35467491632141,147.733
128.65749316877552,141.299
129.6511178774643,142.78299999999996
131.5160415025831,150.28699999999998
135.8083308051049,139.69
132.91870117796483,140.41500000000002
143.29498404778275,149.345
154.7741720244885,155.42700000000002
174.43337382968153,178.30700000000002
194.31280518654575,196.92199999999997
221.5657187678587,225.39100000000002
221.66807961023108,209.26700000000002
208.96768773744864,185.6099999999999
176.48695071938292,157.31900000000002
136.43135597788597,127.35100000000003
110.9415522810667,111.272
96.25113249682991,101.28700000000002
96.08353383155915,92.17800000000001
94.17460070280822,83.36600000000001
90.82554226463174,87.412
102.08173214181298,108.042
118.32144812293282,120.32600000000005
147.31953668461554,144.364
177.4876193081563,174.55499999999995
188.75369903151596,176.753
182.6169474080772,169.748
179.1448692815093,165.63399999999996
177.59594319860292,164.746
163.1325640166129,157.352
159.537005765545,149.09599999999998
164.92784054140125,165.68699999999995
169.00470578513358,165.04500000000007
177.99537558659603,180.32500000000007
201.58738087698853,189.13000000000005
218.32704971428728,198.72399999999996
219.0726911537941,203.199
193.72995288356879,176.38200000000003
170.33308894646177,166.66400000000004
132.83420954728678,134.70800000000003
112.5916057399933,112.76199999999997
100.0053115651091,103.23100000000001
93.73104714006269,91.861
86.41468713577403,84.981
89.10555022328901,83.55900000000001
107.05471941496013,101.56100000000002
119.91610998388083,115.37099999999998
144.9198538041267,151.168
176.50499702292464,180.45099999999996
180.1906952078619,168.68299999999994
173.73821659830986,172.21799999999996
169.25351412258806,168.12099999999992
168.7975784740621,173.379
159.86853390899427,163.23899999999998
152.84690016978092,153.03600000000003
167.14538314817588,156.41899999999993
168.00742476443673,170.271
181.4884412542322,185.39500000000004
193.19771464584517,199.38100000000009
205.16082774880346,232.351
208.83660136540436,243.05399999999997
183.4274587882977,198.52999999999997
168.5176307734219,172.32999999999998
134.10577814518433,124.31800000000001
110.5868587806595,105.29
100.0910060990491,89.976
90.36412958731951,89.00500000000001
92.63618221099796,83.974
101.21900571744382,87.991
133.44105288140062,121.977
150.91797021955432,141.46600000000004
180.595063469833,168.6
150.59803067723922,149.97600000000006
144.99716407719552,133.68699999999995
137.28148093148917,137.64
138.19563915504725,137.724
143.87677846531136,142.52900000000002
137.31788072854619,123.43000000000004
137.03226908581087,112.66999999999999
146.5823405729524,135.998
154.4413404916527,163.79199999999997
177.11575325392226,200.82100000000003
196.0185750143524,207.23100000000002
224.11967814337658,231.77799999999993
212.9990377806157,223.71400000000006
192.08865648434715,204.00500000000005
162.77026914916507,173.67100000000005
130.11232935711598,125.065
107.19627693951361,107.30899999999995
92.62465678290121,87.54999999999997
89.07711692741213,86.21600000000001
86.85595658167608,86.523
92.4924926769728,92.22699999999996
126.64063712670182,113.936
144.8246322817747,154.911
172.70642536919198,174.7
150.38057327835196,141.91400000000002
136.97286186590136,126.94399999999999
137.68788889987204,129.887
137.75469176885997,124.87699999999995
142.8061085951511,133.783
127.77827031550709,149.88000000000005
120.20277790384179,135.13299999999998
139.79571306183948,139.84000000000003
160.92236587131254,165.24400000000003
192.5387277294597,162.815
203.12068293679278,191.62899999999996
228.97301632779153,224.137
220.10111554941062,225.98000000000002
200.69052065184522,201.108
169.7531275270642,166.42499999999998
127.15833151749538,136.67200000000003
107.50597262231926,106.90999999999997
89.03773937157807,92.33100000000002
88.06740978427783,86.584
87.46590096698822,86.04599999999999
92.77241482976562,93.74600000000004
117.61527562904038,130.048
152.3471707814943,153.5639999999999
174.09410361157035,174.594
143.99761771541813,157.324
129.32731915735093,145.53000000000003
131.57569714870226,133.89999999999998
128.11188331909227,142.635
135.9062465080915,138.926
143.54570762780853,133.959
130.58189241267402,130.773
139.44750274945173,144.06100000000004
163.81913644533225,159.06899999999996
171.1140191085067,182.9920000000001
195.26408149949793,210.97500000000002
225.62840180583288,222.58899999999994
224.56635852557534,242.878
200.77090111293364,222.97499999999997
166.92391917173575,188.69600000000008
133.962091401061,144.49700000000004
106.89828515425509,118.67100000000002
91.45571282949948,98.01499999999999
88.51566550847676,92.07100000000003
87.08359761311333,93.76800000000003
93.8524575689004,97.322
126.60545977376793,127.86300000000006
153.33666579505518,151.842
174.483598129296,176.92199999999994
153.13864088940684,152.50100000000006
140.68413359754808,143.87000000000003
133.09451247469045,139.846
138.3873280128607,131.57099999999997
137.9182505147572,140.27800000000002
137.07296541700296,128.41299999999995
131.27866805437552,130.435
142.7034917061825,135.79399999999998
160.16358179648293,150.81
179.47708871069403,161.83700000000005
205.7676405958946,178.20600000000007
223.56750771358276,203.325
236.70452105696478,207.61600000000004
215.28876885469552,206.3909999999999
181.24294682434842,161.562
141.01603924549892,134.382
114.54901896114684,96.656
95.52152158442892,86.274
87.34139195680123,85.77200000000002
90.18754688074418,87.07299999999995
95.08305488329955,93.50200000000001
126.66465689965054,123.98399999999995
151.79055095819325,149.08399999999995
176.19593203529394,180.59799999999993
152.529339562451,143.96500000000003
143.04711575692693,131.89099999999996
137.22758119739564,150.689
132.8683934057598,126.10200000000003
139.5310347700011,131.84299999999996
131.66243769670373,128.44799999999995
131.4667031111032,129.65200000000002
138.61649547813118,139.06599999999997
154.0726807376043,152.95700000000005
167.29435798851586,185.05899999999997
186.47695709754458,190.3129999999999
210.44525223162643,195.07799999999997
216.44229285571447,222.913
210.373738592694,189.8280000000001
167.42070585496327,160.757
136.5072903450763,144.39399999999995
111.91169827720675,120.25199999999998
101.48520538208612,97.12
89.10418225924386,87.96799999999999
84.22470661250036,86.07199999999997
84.66043600648732,85.68199999999999
102.86315118659999,105.68000000000004
116.62032232949147,125.13900000000001
149.86558837723098,152.57600000000002
179.18237496235082,173.14
173.2152048713167,168.51099999999997
173.2903046007258,157.781
168.37367524917573,160.512
172.0090973527633,161.75699999999992
162.26026910200173,156.47799999999998
152.95329201784503,149.87499999999997
159.1976361842473,160.425
170.19155727793142,172.05800000000005
184.59341506200545,195.173
198.13567586836763,188.129
224.6902497562162,199.75399999999996
232.2829363219911,208.238
192.8060282722803,199.67799999999997
170.5445751530608,167.97999999999996
127.83715216450591,132.11
114.55856761282544,117.19099999999997
97.48456129386585,98.62799999999999
88.69869222460952,93.774
84.99232090037958,88.05700000000002
85.97604530870353,84.83500000000001
105.22824895400022,95.34600000000002
122.6704207824395,116.16399999999999
151.6921091164666,132.334
174.5574195364714,177.37699999999998
169.72281171191662,182.244
161.7075007105404,193.35700000000003
162.5529688777063,174.42200000000005
164.50449449882106,165.526
158.82565593026126,138.164
151.34039651101608,145.577
160.89401865125024,146.108
172.0161203713357,159.90499999999997
192.66486315277672,182.57299999999998
190.57734660862297,210.30599999999998
206.93296377008903,223.13200000000006
215.81708436295395,236.55600000000004
198.93179202519514,222.66899999999998
168.83151079369077,171.75400000000008
131.1340699910741,134.88199999999995
101.59759266457814,109.79899999999995
89.2533491374461,95.08800000000002
89.04786509208749,88.81200000000001
89.17290612026449,88.34899999999999
94.70290978299667,93.83599999999998
125.2205374447718,115.09199999999998
150.37843285809515,138.69700000000003
179.62852132391896,170.11400000000003
146.53859792880394,147.483
134.90005369153621,136.57399999999998
145.88430044769305,130.37099999999998
128.1759561145759,137.59699999999998
134.5645773676989,151.26000000000005
129.76380646603104,128.37900000000002
130.60218064661223,146.017
138.68600949111067,149.17800000000005
153.83446770050557,166.24200000000002
179.6777937306491,196.35200000000003
188.88784917935402,233.162
199.7263790978662,237.90300000000002
222.24451324341675,238.334
197.42634762364267,229.33600000000004
163.48088505941556,184.029
141.95107117027428,131.401
108.05374655169474,119.27799999999996
93.50567329433517,106.78999999999999
92.21582701661872,102.56399999999995
90.25372907970788,95.57499999999999
94.92887925325925,102.06400000000002
118.07663348125382,135.10200000000003
142.9332592619322,153.65900000000005
173.34768456089816,176.10400000000004
147.93047021073136,142.293
136.35184062629799,142.26
134.79119661309784,135.84600000000006
134.7987272088341,140.117
145.053159457102,139.88100000000003
128.74369757159783,141.262
140.4951071469793,143.17399999999995
145.35551175739977,188.86400000000003
161.8810394302629,203.04800000000006
190.31768098462214,198.60899999999992
217.68371537805172,220.14699999999993
223.92190973667516,233.567
230.86123126479865,250.15000000000003
217.245423705068,238.414
176.99998803761594,218.69500000000016
134.7480690403363,148.173
115.73175483671955,139.92700000000002
102.47606877710481,112.79400000000001
101.53320687008559,104.626
94.44371947031055,97.97399999999999
100.0135784417539,104.70299999999997
129.9422033762257,129.201
150.50761937766802,131.81599999999995
175.12468946510484,165.55999999999995
143.93359083973985,164.94799999999995
140.56599048172419,136.441
135.391845892782,135.13200000000006
138.45878593691378,141.23300000000006
140.92725209451586,145.16899999999998
136.4208575237019,135.01700000000005
141.18334562953842,138.48400000000007
172.75403083743532,139.45299999999997
186.45721628896732,168.27500000000003
193.82182208525683,197.938
217.93970932116775,214.91200000000003
230.6816572363577,218.23499999999996
244.3353587259642,235.0519999999999
231.39675182463688,222.95800000000006
204.48011540668398,177.601
143.01258506670757,161.77899999999994
131.79208950735105,120.387
108.59690116327096,107.321
101.61854084048991,97.72099999999998
96.27532763499443,94.03600000000003
103.00800442502631,104.187
129.1214388401121,133.77699999999996
137.32991828342796,153.819
168.4440606712508,168.13299999999998
158.26553552591224,149.687
137.4820936417377,137.344
135.14467557657798,135.47699999999998
140.53088010077045,126.96899999999994
143.9019560661216,141.563
135.08243931689515,140.327
138.95243545671144,131.18500000000003
149.41966064856655,138.78199999999998
174.90981275949468,150.856
197.57609422920822,182.80600000000004
215.53870830342333,196.819
220.5938767679715,207.57000000000005
237.04644930773327,224.04399999999993
224.96221089671343,217.2729999999999
184.21369543016507,185.868
155.14819313987093,140.40599999999995
123.02919457434604,120.38099999999997
107.68531606614584,105.81500000000001
98.18517775486964,99.72999999999999
94.30625526426476,95.95499999999998
103.70671024068281,105.47300000000004
132.44065065994644,125.90400000000002
148.77596427943104,153.565
167.82152677085082,157.84700000000004
152.2415468291777,151.30199999999996
137.38531137285736,147.20599999999996
135.32387409616754,135.62299999999996
130.98935582033698,144.57999999999998
142.63282515300298,152.51500000000004
139.15657242616618,152.04199999999997
133.592481179242,158.18099999999998
142.00337052798693,158.292
157.82316382279066,166.82000000000005
187.68428531589183,187.464
203.3473839934768,197.75
212.13833245243742,228.45500000000004
228.06343636743512,233.008
219.7521727815564,218.67699999999996
185.78312154411844,180.04500000000004
145.19366887832663,152.19
120.26599714333841,125.60699999999999
100.21897663278449,116.53600000000004
100.52019763298749,106.64900000000004
89.94641262384644,104.25500000000002
86.10090073308967,105.09
98.90930629613018,111.538
118.5830663518987,125.911
138.43816409170677,144.36400000000003
176.26468681148498,170.95
177.42812893388725,182.10000000000002
182.59057921474073,166.81200000000007
169.4471571342391,157.41700000000003
164.7427727218424,168.30100000000007
144.82764654692767,153.2
148.29267329517035,158.36
152.0430553835144,180.42000000000007
165.3323872895343,181.95499999999998
187.06398158884357,179.91099999999994
204.97088640434072,189.8449999999999
217.74292517468018,203.20499999999996
229.7219742938773,205.06899999999996
214.35094981502965,188.90699999999995
170.37886748460616,179.321
133.66655570391964,156.49
119.22777021939474,131.173
108.22280338668003,109.21199999999996
101.184508236784,97.43200000000002
97.19414904864081,92.92200000000003
97.53305830175908,96.94399999999997
105.88627911736054,99.82500000000003
122.72752792557478,114.41300000000001
141.99578302674328,136.449
174.00057290641854,171.39999999999998
180.75612840142492,176.60500000000002
171.49431950233964,190.48300000000003
160.75474669067705,171.41899999999998
168.19683633641245,191.36499999999998
151.37606257374892,189.98899999999998
155.74730294340293,177.55200000000002
171.07388923704707,168.02100000000002
174.98186940623242,169.45800000000003
180.7570039261588,195.47899999999998
194.10247828780487,223.12600000000003
207.4852233046333,237.71999999999997
211.77151596346795,231.3060000000001
196.2172403220135,211.20099999999996
176.65545164714865,191.42599999999993
148.78361206095337,140.23299999999998
122.04476434605918,117.70800000000001
106.58594906060154,103.85699999999997
98.78243307442504,99.001
94.82869139978953,90.451
104.28583302436607,101.40700000000002
127.05879354611521,130.64200000000002
152.13413342459683,134.79700000000003
160.8622070683003,173.165
151.64965462705908,160.42299999999992
143.95164793315928,160.683
135.9455120713112,142.74400000000006
140.2580208320288,140.63199999999998
149.2600143547645,143.851
147.17705816851287,131.63799999999998
149.34350313114055,136.06199999999998
152.09075335533856,149.97900000000004
163.51437716784102,156.69800000000004
187.62505116599633,181.83599999999996
199.06166868893683,211.323
223.75890356047444,228.48499999999996
231.59109794936245,228.31600000000003
219.59601626058978,221.49400000000003
181.77367008520457,182.71300000000002
150.3623654596076,144.40499999999997
122.0220494423644,110.07399999999998
105.9289935376663,95.97800000000001
95.57419624295338,96.555
90.863541762129,93.61899999999997
101.83771095512574,97.55600000000001
129.62162788873752,125.17700000000005
140.54968295331437,153.84199999999998
169.81330674777143,173.988
157.3240993345246,134.235
155.04522082406027,128.33699999999996
140.20871735762358,132.81799999999998
139.93226264117052,127.72399999999999
144.84999276029166,139.65600000000006
135.97355762638074,147.81100000000004
140.29951698609221,134.824
151.23957415083214,139.06099999999998
159.0106087616836,155.81000000000003
183.69757247097695,176.34300000000007
208.2891847900966,203.74899999999997
226.5852380156652,218.17899999999992
228.89436504029447,220.218
220.87443697451639,228.55699999999996
182.2985935002427,178.433
146.327203528769,146.75
113.47636670674814,121.22399999999999
98.7393531049079,108.47500000000002
100.91203326555782,99.10400000000001
94.66150773494925,95.43400000000001
99.47074417184032,102.26900000000003
127.05629403209517,127.749
150.7080079520166,140.039
172.72863293626884,163.24399999999997
141.31017031740987,156.23399999999998
135.0137556194818,155.04900000000004
134.61483930826267,145.39100000000002
130.77049126747295,135.86300000000003
141.07408854176043,123.74900000000004
144.95414993070025,125.12199999999999
136.08515446932222,126.46300000000002
141.49726715671392,135.84500000000003
156.33646757373808,143.88100000000003
177.79520403642726,173.58400000000006
204.49847404613632,190.71500000000003
219.9878278512243,204.83400000000006
222.5583407739776,208.90200000000002
226.62609959675228,210.79300000000003
179.65013673344646,195.61599999999996
146.73699281687306,150.16899999999998
119.28352035272698,120.99700000000004
105.36282500834052,102.149
97.7863832522807,101.571
94.34638569485483,98.54099999999998
101.15657351940348,115.82399999999998
127.26728252433998,125.24999999999994
143.90062197416495,147.18800000000005
166.8242237611262,170.33100000000007
151.5731955572934,137.797
148.03025329127706,141.45400000000004
141.68506067747273,138.34500000000003
134.2521251558771,133.43900000000002
130.38174241745602,138.556
131.74458802027317,148.248
129.4950428080927,128.414
137.89722966979284,131.61799999999997
147.8433576686821,143.692
175.5787916662552,175.757
194.30830692577211,188.25800000000007
209.1328669151374,220.22000000000003
213.79622596558858,222.59999999999997
216.55707843200616,220.26299999999998
191.1233570553889,198.39600000000007
149.17580580404888,159.879
120.45779362801758,121.03999999999999
103.01212404841559,108.578
102.1482580763913,101.31100000000004
97.92249346966966,103.01600000000005
111.42054126087274,107.61200000000002
125.71849516654424,118.67900000000003
145.95145142476125,146.07199999999995
169.4173089498297,155.42000000000002
142.16208837536337,153.95199999999997
143.7527502269513,148.7489999999999
139.214834487512,149.20400000000006
133.5630153131735,166.03799999999993
136.91819013404756,178.688
143.7311584562729,176.79199999999997
128.39778996630702,178.19699999999997
132.746950771621,183.00799999999998
144.8152836527566,196.019
176.05945089782676,231.203
189.9208973271671,243.312
216.87663664448314,249.44500000000005
219.90608303692457,260.25399999999996
218.81531655960686,256.98099999999994
195.8283929876074,246.5000000000001
155.73860604812464,193.13500000000005
128.48502338061076,166.41800000000006
108.93375069779081,135.12799999999996
106.4473304447751,129.34200000000004
97.65913754739121,118.81200000000001
98.86613387633048,117.64399999999995
102.62357804280704,130.99899999999997
117.29769144904184,133.41400000000002
138.48230037166226,159.137
172.05790822639128,167.34999999999997
177.64449615116655,174.79699999999997
184.14790156406474,172.56600000000003
168.13993669549558,169.418
183.2232411437301,165.998
175.4015970047663,164.83499999999998
168.10525018517285,176.327
166.82552167983994,170.08499999999995
170.94669229888058,185.83899999999997
190.66328301912802,197.35399999999998
212.76475289587503,216.4980000000001
226.62181891428006,193.29500000000007
223.3546322087917,202.44199999999995
205.25785342121102,195.996
185.0356030603403,183.22700000000003
142.6803757241635,159.63800000000003
141.24370343422507,135.25499999999997
118.95105669684135,108.36199999999998
110.07123236174067,105.26299999999999
105.9147240646316,99.594
108.07177908852773,108.92500000000001
119.78568804481009,106.03999999999999
126.98569278902626,124.13099999999999
152.16714799790861,157.78600000000006
168.49918429781002,166.91000000000003
175.79239010276328,185.85600000000005
175.7217965157922,174.13899999999995
169.15297530391445,209.517
169.8982990068178,209.1849999999999
167.44956941111894,216.85200000000003
173.61210072632775,220.40999999999997
168.78942202014565,227.339
181.27139927500684,233.99799999999993
194.79574795117503,236.74099999999999
215.02943877078968,259.71500000000003
202.07088806689427,268.79699999999997
209.76093880563707,281.173
200.14289509379168,255.559
184.23855086537765,211.6939999999999
155.09424512661025,177.59599999999998
119.58028897049688,141.16699999999997
106.20934361693317,130.77699999999996
109.21169315671433,124.91700000000002
104.29302519832603,114.00800000000004
109.9489657311785,114.871
122.09797321339323,130.17199999999997
146.7436295894771,145.68900000000002
159.96350141841933,159.14100000000002
149.82944513304673,168.32299999999998
146.33170344125713,183.577
145.67574699691374,199.28800000000004
153.62871207232394,209.03699999999998
160.90507448948347,210.68100000000004
161.52439909228673,212.80800000000002
155.582897874727,208.568
160.77368774157867,216.00700000000006
173.03199984478204,205.05199999999994
205.926400121175,215.05400000000003
219.71114532353766,223.73400000000004
235.5750610168204,226.8359999999999
244.37968015482733,234.33800000000008
241.66064439945342,217.603
226.52430290687226,188.6559999999999
176.78307016758407,148.668
134.65205080774297,126.72399999999999
121.89401044399243,105.76100000000002
108.07168433391465,105.26200000000001
104.32519975827714,99.45200000000001
109.5357926806636,103.465
126.02502783818532,109.88100000000003
145.85746489901834,128.77099999999996
160.29140246170442,153.16900000000004
162.11965105974016,149.802
170.6093172343049,147.978
178.78848564594966,150.29700000000003
187.54616470535177,163.51100000000002
191.44710481122183,166.74900000000002
193.01886286118184,155.381
187.15393533091319,148.425
192.88700564480945,148.97100000000003
188.78436536803224,170.67600000000004
206.21357664249436,179.53300000000002
219.24080288272995,191.317
227.15852168833987,194.054
235.85468865915658,188.214
223.2397734470373,179.99800000000005
197.61032061712825,167.39
156.13175556558235,134.992
128.8997570969425,115.81099999999999
109.52229796810235,107.251
106.38712455452566,102.19199999999998
100.20230252670714,88.62100000000004
104.79800861258579,90.16200000000003
114.76065457527753,98.69699999999999
133.92746608488193,123.11599999999996
155.38494238277025,141.143
152.91972776770393,171.81599999999997
153.63714385566828,179.83299999999994
157.76395415694435,187.12199999999996
169.82640628894924,167.74
173.45173391541965,164.132
165.30374938316027,142.02499999999995
158.92272204391307,151.347
161.30396214200087,146.555
176.39271928941463,155.09400000000005
187.34456826713034,158.09500000000003
199.4024915844866,174.58599999999998
203.88463983550616,173.232
202.80384926031388,178.94900000000004
193.6697842256096,165.56000000000003
176.97494605850432,153.50199999999998
140.9728256547923,127.33100000000003
119.59611918475201,114.82899999999997
108.16096549239995,95.499
99.2013573733878,89.69200000000004
90.74880185280819,88.11400000000003
93.67657437188441,85.832
102.75164768500177,95.596
126.44312151276573,101.612
145.30795664084957,128.35999999999996
166.57856234281843,151.075
171.9135361740505,175.62600000000006
177.59355270490352,174.50099999999998
166.13124479137457,169.117
164.7482684746484,148.34699999999995
146.92918784668026,147.82399999999998
153.50386970399987,143.17400000000004
150.60431165319963,147.108
160.47042120342368,158.289
165.6700744756719,159.732
181.08545932794638,165.79900000000004
181.73154931801696,185.897
186.232917363621,198.195
173.37686150281638,178.367
159.11484130619868,160.31
130.8586276253493,132.62
116.34179033522298,109.03900000000002
99.59073037413883,99.61099999999999
93.83475281717764,93.155
89.90488582325835,87.60399999999998
88.76892590924294,82.59100000000001
97.7174763234685,100.31499999999994
109.82966746122472,110.22099999999995
133.80625779324427,137.31200000000007
155.85305171143438,141.47299999999998
174.8931994114723,170.12100000000004
175.00636169857245,140.53600000000006
167.90792784805754,152.051
152.7605765473079,153.714
148.6801438179356,134.51100000000002
146.80010250197824,137.02799999999996
149.5653185043542,150.454
160.13901546083616,156.572
161.95474472480248,167.543
170.545620746111,183.13600000000002
186.10277447809392,171.278
195.92701882974754,189.6740000000001
177.6478365268348,194.1610000000001
160.42421403295202,163.34500000000003
132.34261189564654,136.03499999999997
127.93619822597044,116.40600000000003
106.26360333723511,100.35499999999996
101.9092498941553,100.25199999999998
98.71204698164908,92.84800000000003
107.37858519864906,90.91100000000006
109.13551307718895,103.52499999999998
124.64474423033775,117.84100000000001
155.5855988712346,143.92400000000006
167.24052782362557,145.26800000000003
182.29517099918462,154.026
173.3508377937598,155.45800000000003
193.76922821725094,164.7609999999999
192.59745963896415,157.82299999999998
196.99501099856798,147.64000000000004
201.6472136080599,160.096
203.6314434046304,175.43500000000006
211.51871401294443,187.64799999999997
218.54804632979562,184.882
240.123883900098,193.69
240.1913722130426,202.06599999999997
249.42827015969272,212.28199999999998
230.19107866739836,201.75999999999993
198.910813335037,176.89300000000006
169.3796456667232,150.70299999999997
131.40450292569489,132.29399999999998
107.8506121634498,113.32700000000003
108.9996014423495,105.531
99.35892248418318,106.98599999999999
97.0060185793102,105.39699999999996
107.40439920960694,104.23700000000001
121.1714913653002,114.72299999999998
147.43438069521693,134.21699999999998
152.5492439122964,171.02099999999996
163.52245356143578,178.026
161.78160093139465,172.78599999999997
174.1375679047096,173.16200000000003
168.16442922816697,165.41700000000003
161.70459974604242,153.661
172.04267272727594,141.09599999999995
184.66353589081,145.178
195.0090157543048,165.31599999999997
193.79588008273953,176.651
205.96476280168008,200.55
214.3453641919121,211.81100000000004
224.8280000229244,212.59599999999995
211.35322603369812,193.76100000000002
183.14559337542784,157.63300000000004
154.79455319978615,146.35
118.04455028087915,114.60300000000002
103.14320246889841,98.77200000000002
93.2124487199515,91.07999999999998
88.14960101889564,88.35999999999999
84.21040815195575,91.94699999999999
100.4189167368081,103.678
110.69018967474297,135.03399999999996
136.93845782489234,155.47899999999998
145.80593855803087,151.414
171.75476367952223,167.64499999999998
150.04522496528674,165.57399999999996
158.15845069145365,149.38800000000003
154.84200074000591,158.04000000000008
138.77032975004124,157.42000000000002
141.51834193713478,160.20799999999994
152.40409062665591,149.28699999999998
159.03468096734355,166.0730000000001
167.74933953107205,187.495
181.44350005946086,193.16600000000005
176.20646359899376,193.4589999999999
192.56406857487582,217.4869999999999
191.97461351998885,196.274
163.56586818365233,174.4469999999999
135.90881408287248,146.94899999999998
111.13786577421263,117.01200000000003
97.83451669529052,102.23899999999999
